ID	Group	Session	Block	BlockInt0	Difficult	DiffNum	DiffChange	Change	Increase	DiffPrev	Score	ScoreM1	Caught	CatchTime	Hit	PreScore	FA	US	AES	END	NOV	INV	EngTotal	Enj	Comp	Effort	Tens	ImiTotal
s001	self	Prac	1	-1	n1	1	NA	NA	NA	NA	1549	NA				1549	5.375	5.142857143	5.75	4.5	5.333333333	5.666666667	5.294642857	4.571428571	5.5	7	4.4	5.367857143
s001	self	Prac	2	0	n2	2	1	1	1	1	1504	1549				1549	5.375	5.142857143	5.75	4.5	5.333333333	5.666666667	5.294642857	4.571428571	5.5	7	4.4	5.367857143
s001	self	Prac	3	1	n2	2	0	0	0	2	1509	1504				1549	5.375	5.142857143	5.75	4.5	5.333333333	5.666666667	5.294642857	4.571428571	5.5	7	4.4	5.367857143
s001	self	Prac	4	2	n3	3	1	1	1	2	1624	1509				1549	5.375	5.142857143	5.75	4.5	5.333333333	5.666666667	5.294642857	4.571428571	5.5	7	4.4	5.367857143
s001	self	Prac	5	3	p1	4	1	1	1	3	1088	1624				1549	5.375	5.142857143	5.75	4.5	5.333333333	5.666666667	5.294642857	4.571428571	5.5	7	4.4	5.367857143
s001	self	Prac	6	4	p1	4	0	0	0	4	1483	1088				1549	5.375	5.142857143	5.75	4.5	5.333333333	5.666666667	5.294642857	4.571428571	5.5	7	4.4	5.367857143
s001	self	Prac	7	5	p2	5	1	1	1	4	1202	1483				1549	5.375	5.142857143	5.75	4.5	5.333333333	5.666666667	5.294642857	4.571428571	5.5	7	4.4	5.367857143
s001	self	Prac	8	6	p3	6	1	1	1	5	1128	1202				1549	5.375	5.142857143	5.75	4.5	5.333333333	5.666666667	5.294642857	4.571428571	5.5	7	4.4	5.367857143
s001	self	Prac	9	7	p3	6	0	0	0	6	1017	1128				1549	5.375	5.142857143	5.75	4.5	5.333333333	5.666666667	5.294642857	4.571428571	5.5	7	4.4	5.367857143
s001	self	Prac	10	8	p3	6	0	0	0	6	1327	1017				1549	5.375	5.142857143	5.75	4.5	5.333333333	5.666666667	5.294642857	4.571428571	5.5	7	4.4	5.367857143
s001	self	Prac	11	9	e1	7	1	1	1	6	195	1327				1549	5.375	5.142857143	5.75	4.5	5.333333333	5.666666667	5.294642857	4.571428571	5.5	7	4.4	5.367857143
s001	self	Prac	12	10	e1	7	0	0	0	7	203	195				1549	5.375	5.142857143	5.75	4.5	5.333333333	5.666666667	5.294642857	4.571428571	5.5	7	4.4	5.367857143
s001	self	Prac	13	11	e1	7	0	0	0	7	239	203				1549	5.375	5.142857143	5.75	4.5	5.333333333	5.666666667	5.294642857	4.571428571	5.5	7	4.4	5.367857143
s001	self	Prac	14	12	e1	7	0	0	0	7	59	239				1549	5.375	5.142857143	5.75	4.5	5.333333333	5.666666667	5.294642857	4.571428571	5.5	7	4.4	5.367857143
s001	self	Prac	15	13	p3	6	-1	1	0	7	1029	59				1549	5.375	5.142857143	5.75	4.5	5.333333333	5.666666667	5.294642857	4.571428571	5.5	7	4.4	5.367857143
s001	self	Prac	16	14	p3	6	0	0	0	6	734	1029				1549	5.375	5.142857143	5.75	4.5	5.333333333	5.666666667	5.294642857	4.571428571	5.5	7	4.4	5.367857143
s001	self	Prac	17	15	p3	6	0	0	0	6	1129	734				1549	5.375	5.142857143	5.75	4.5	5.333333333	5.666666667	5.294642857	4.571428571	5.5	7	4.4	5.367857143
s001	self	Prac	18	16	p3	6	0	0	0	6	1026	1129				1549	5.375	5.142857143	5.75	4.5	5.333333333	5.666666667	5.294642857	4.571428571	5.5	7	4.4	5.367857143
s001	self	Prac	19	17	e1	7	1	1	1	6	416	1026				1549	5.375	5.142857143	5.75	4.5	5.333333333	5.666666667	5.294642857	4.571428571	5.5	7	4.4	5.367857143
s001	self	Prac	20	18	e1	7	0	0	0	7	345	416				1549	5.375	5.142857143	5.75	4.5	5.333333333	5.666666667	5.294642857	4.571428571	5.5	7	4.4	5.367857143
s001	self	PostTest	1	0	N2	2	NA	NA	0	7	1704	NA				1549	5.375	5.142857143	5.75	4.5	5.333333333	5.666666667	5.294642857	4.571428571	5.5	7	4.4	5.367857143
s001	self	PostTest	2	1	P2	5	NA	NA	1	2	1591	NA				1549	5.375	5.142857143	5.75	4.5	5.333333333	5.666666667	5.294642857	4.571428571	5.5	7	4.4	5.367857143
s001	self	PostTest	3	2	E2	8	NA	NA	1	5	293	NA				1549	5.375	5.142857143	5.75	4.5	5.333333333	5.666666667	5.294642857	4.571428571	5.5	7	4.4	5.367857143
s002	self	Prac	1	-1	n1	1	NA	NA	NA	NA	952	NA				952	4.875	5.142857143	4.25	3.75	5	5.333333333	4.725198413	4.428571429	4	5.2	4.6	4.557142857
s002	self	Prac	2	0	n2	2	1	1	1	1	1287	952				952	4.875	5.142857143	4.25	3.75	5	5.333333333	4.725198413	4.428571429	4	5.2	4.6	4.557142857
s002	self	Prac	3	1	n3	3	1	1	1	2	1312	1287				952	4.875	5.142857143	4.25	3.75	5	5.333333333	4.725198413	4.428571429	4	5.2	4.6	4.557142857
s002	self	Prac	4	2	n3	3	0	0	0	3	1514	1312				952	4.875	5.142857143	4.25	3.75	5	5.333333333	4.725198413	4.428571429	4	5.2	4.6	4.557142857
s002	self	Prac	5	3	p1	4	1	1	1	3	1159	1514				952	4.875	5.142857143	4.25	3.75	5	5.333333333	4.725198413	4.428571429	4	5.2	4.6	4.557142857
s002	self	Prac	6	4	p1	4	0	0	0	4	469	1159				952	4.875	5.142857143	4.25	3.75	5	5.333333333	4.725198413	4.428571429	4	5.2	4.6	4.557142857
s002	self	Prac	7	5	p1	4	0	0	0	4	878	469				952	4.875	5.142857143	4.25	3.75	5	5.333333333	4.725198413	4.428571429	4	5.2	4.6	4.557142857
s002	self	Prac	8	6	p1	4	0	0	0	4	804	878				952	4.875	5.142857143	4.25	3.75	5	5.333333333	4.725198413	4.428571429	4	5.2	4.6	4.557142857
s002	self	Prac	9	7	p1	4	0	0	0	4	884	804				952	4.875	5.142857143	4.25	3.75	5	5.333333333	4.725198413	4.428571429	4	5.2	4.6	4.557142857
s002	self	Prac	10	8	p1	4	0	0	0	4	1213	884				952	4.875	5.142857143	4.25	3.75	5	5.333333333	4.725198413	4.428571429	4	5.2	4.6	4.557142857
s002	self	Prac	11	9	p1	4	0	0	0	4	1008	1213				952	4.875	5.142857143	4.25	3.75	5	5.333333333	4.725198413	4.428571429	4	5.2	4.6	4.557142857
s002	self	Prac	12	10	p1	4	0	0	0	4	1305	1008				952	4.875	5.142857143	4.25	3.75	5	5.333333333	4.725198413	4.428571429	4	5.2	4.6	4.557142857
s002	self	Prac	13	11	p2	5	1	1	1	4	1435	1305				952	4.875	5.142857143	4.25	3.75	5	5.333333333	4.725198413	4.428571429	4	5.2	4.6	4.557142857
s002	self	Prac	14	12	p3	6	1	1	1	5	923	1435				952	4.875	5.142857143	4.25	3.75	5	5.333333333	4.725198413	4.428571429	4	5.2	4.6	4.557142857
s002	self	Prac	15	13	p3	6	0	0	0	6	724	923				952	4.875	5.142857143	4.25	3.75	5	5.333333333	4.725198413	4.428571429	4	5.2	4.6	4.557142857
s002	self	Prac	16	14	p3	6	0	0	0	6	1430	724				952	4.875	5.142857143	4.25	3.75	5	5.333333333	4.725198413	4.428571429	4	5.2	4.6	4.557142857
s002	self	Prac	17	15	e1	7	1	1	1	6	293	1430				952	4.875	5.142857143	4.25	3.75	5	5.333333333	4.725198413	4.428571429	4	5.2	4.6	4.557142857
s002	self	Prac	18	16	e1	7	0	0	0	7	167	293				952	4.875	5.142857143	4.25	3.75	5	5.333333333	4.725198413	4.428571429	4	5.2	4.6	4.557142857
s002	self	Prac	19	17	e1	7	0	0	0	7	187	167				952	4.875	5.142857143	4.25	3.75	5	5.333333333	4.725198413	4.428571429	4	5.2	4.6	4.557142857
s002	self	Prac	20	18	e1	7	0	0	0	7	382	187				952	4.875	5.142857143	4.25	3.75	5	5.333333333	4.725198413	4.428571429	4	5.2	4.6	4.557142857
s002	self	PostTest	1	0	N2	2	NA	NA	0	7	1727	NA				952	4.875	5.142857143	4.25	3.75	5	5.333333333	4.725198413	4.428571429	4	5.2	4.6	4.557142857
s002	self	PostTest	2	1	P2	5	NA	NA	1	2	1410	NA				952	4.875	5.142857143	4.25	3.75	5	5.333333333	4.725198413	4.428571429	4	5.2	4.6	4.557142857
s002	self	PostTest	3	2	E2	8	NA	NA	1	5	320	NA				952	4.875	5.142857143	4.25	3.75	5	5.333333333	4.725198413	4.428571429	4	5.2	4.6	4.557142857
s003	self	Prac	1	-1	n1	1	NA	NA	NA	NA	1342	NA				1342	2.125	4.285714286	3.5	2.25	3.666666667	4.333333333	3.360119048	4.285714286	5.5	6	5.6	5.346428571
s003	self	Prac	2	0	n2	2	1	1	1	1	1375	1342				1342	2.125	4.285714286	3.5	2.25	3.666666667	4.333333333	3.360119048	4.285714286	5.5	6	5.6	5.346428571
s003	self	Prac	3	1	n3	3	1	1	1	2	1608	1375				1342	2.125	4.285714286	3.5	2.25	3.666666667	4.333333333	3.360119048	4.285714286	5.5	6	5.6	5.346428571
s003	self	Prac	4	2	p1	4	1	1	1	3	1449	1608				1342	2.125	4.285714286	3.5	2.25	3.666666667	4.333333333	3.360119048	4.285714286	5.5	6	5.6	5.346428571
s003	self	Prac	5	3	p2	5	1	1	1	4	1359	1449				1342	2.125	4.285714286	3.5	2.25	3.666666667	4.333333333	3.360119048	4.285714286	5.5	6	5.6	5.346428571
s003	self	Prac	6	4	p2	5	0	0	0	5	1359	1359				1342	2.125	4.285714286	3.5	2.25	3.666666667	4.333333333	3.360119048	4.285714286	5.5	6	5.6	5.346428571
s003	self	Prac	7	5	p2	5	0	0	0	5	1251	1359				1342	2.125	4.285714286	3.5	2.25	3.666666667	4.333333333	3.360119048	4.285714286	5.5	6	5.6	5.346428571
s003	self	Prac	8	6	p2	5	0	0	0	5	1278	1251				1342	2.125	4.285714286	3.5	2.25	3.666666667	4.333333333	3.360119048	4.285714286	5.5	6	5.6	5.346428571
s003	self	Prac	9	7	p3	6	1	1	1	5	1400	1278				1342	2.125	4.285714286	3.5	2.25	3.666666667	4.333333333	3.360119048	4.285714286	5.5	6	5.6	5.346428571
s003	self	Prac	10	8	p3	6	0	0	0	6	988	1400				1342	2.125	4.285714286	3.5	2.25	3.666666667	4.333333333	3.360119048	4.285714286	5.5	6	5.6	5.346428571
s003	self	Prac	11	9	p3	6	0	0	0	6	1482	988				1342	2.125	4.285714286	3.5	2.25	3.666666667	4.333333333	3.360119048	4.285714286	5.5	6	5.6	5.346428571
s003	self	Prac	12	10	e1	7	1	1	1	6	132	1482				1342	2.125	4.285714286	3.5	2.25	3.666666667	4.333333333	3.360119048	4.285714286	5.5	6	5.6	5.346428571
s003	self	Prac	13	11	e1	7	0	0	0	7	354	132				1342	2.125	4.285714286	3.5	2.25	3.666666667	4.333333333	3.360119048	4.285714286	5.5	6	5.6	5.346428571
s003	self	Prac	14	12	p3	6	-1	1	0	7	920	354				1342	2.125	4.285714286	3.5	2.25	3.666666667	4.333333333	3.360119048	4.285714286	5.5	6	5.6	5.346428571
s003	self	Prac	15	13	p3	6	0	0	0	6	1011	920				1342	2.125	4.285714286	3.5	2.25	3.666666667	4.333333333	3.360119048	4.285714286	5.5	6	5.6	5.346428571
s003	self	Prac	16	14	p2	5	-1	1	0	6	1297	1011				1342	2.125	4.285714286	3.5	2.25	3.666666667	4.333333333	3.360119048	4.285714286	5.5	6	5.6	5.346428571
s003	self	Prac	17	15	p2	5	0	0	0	5	1191	1297				1342	2.125	4.285714286	3.5	2.25	3.666666667	4.333333333	3.360119048	4.285714286	5.5	6	5.6	5.346428571
s003	self	Prac	18	16	p3	6	1	1	1	5	1208	1191				1342	2.125	4.285714286	3.5	2.25	3.666666667	4.333333333	3.360119048	4.285714286	5.5	6	5.6	5.346428571
s003	self	Prac	19	17	p1	4	4	1	0	6	1076	1208				1342	2.125	4.285714286	3.5	2.25	3.666666667	4.333333333	3.360119048	4.285714286	5.5	6	5.6	5.346428571
s003	self	Prac	20	18	p1	4	0	0	0	4	1491	1076				1342	2.125	4.285714286	3.5	2.25	3.666666667	4.333333333	3.360119048	4.285714286	5.5	6	5.6	5.346428571
s003	self	PostTest	1	0	N2	2	NA	NA	0	4	1615	NA				1342	2.125	4.285714286	3.5	2.25	3.666666667	4.333333333	3.360119048	4.285714286	5.5	6	5.6	5.346428571
s003	self	PostTest	2	1	P2	5	NA	NA	1	2	1405	NA				1342	2.125	4.285714286	3.5	2.25	3.666666667	4.333333333	3.360119048	4.285714286	5.5	6	5.6	5.346428571
s003	self	PostTest	3	2	E2	8	NA	NA	1	5	-269	NA				1342	2.125	4.285714286	3.5	2.25	3.666666667	4.333333333	3.360119048	4.285714286	5.5	6	5.6	5.346428571
s004	self	Prac	1	-1	n1	1	NA	NA	NA	NA	969	NA				969	2.5	4	6.5	7	7	7	5.666666667	6.857142857	5.833333333	7	6.6	6.572619048
s004	self	Prac	2	0	n1	1	0	0	0	1	1343	969				969	2.5	4	6.5	7	7	7	5.666666667	6.857142857	5.833333333	7	6.6	6.572619048
s004	self	Prac	3	1	n2	2	1	1	1	1	1215	1343				969	2.5	4	6.5	7	7	7	5.666666667	6.857142857	5.833333333	7	6.6	6.572619048
s004	self	Prac	4	2	n2	2	0	0	0	2	1408	1215				969	2.5	4	6.5	7	7	7	5.666666667	6.857142857	5.833333333	7	6.6	6.572619048
s004	self	Prac	5	3	n2	2	0	0	0	2	1391	1408				969	2.5	4	6.5	7	7	7	5.666666667	6.857142857	5.833333333	7	6.6	6.572619048
s004	self	Prac	6	4	n3	3	1	1	1	2	1126	1391				969	2.5	4	6.5	7	7	7	5.666666667	6.857142857	5.833333333	7	6.6	6.572619048
s004	self	Prac	7	5	n3	3	0	0	0	3	816	1126				969	2.5	4	6.5	7	7	7	5.666666667	6.857142857	5.833333333	7	6.6	6.572619048
s004	self	Prac	8	6	p1	4	1	1	1	3	988	816				969	2.5	4	6.5	7	7	7	5.666666667	6.857142857	5.833333333	7	6.6	6.572619048
s004	self	Prac	9	7	p1	4	0	0	0	4	1293	988				969	2.5	4	6.5	7	7	7	5.666666667	6.857142857	5.833333333	7	6.6	6.572619048
s004	self	Prac	10	8	p1	4	0	0	0	4	1089	1293				969	2.5	4	6.5	7	7	7	5.666666667	6.857142857	5.833333333	7	6.6	6.572619048
s004	self	Prac	11	9	p1	4	0	0	0	4	772	1089				969	2.5	4	6.5	7	7	7	5.666666667	6.857142857	5.833333333	7	6.6	6.572619048
s004	self	Prac	12	10	p2	5	1	1	1	4	897	772				969	2.5	4	6.5	7	7	7	5.666666667	6.857142857	5.833333333	7	6.6	6.572619048
s004	self	Prac	13	11	p2	5	0	0	0	5	1003	897				969	2.5	4	6.5	7	7	7	5.666666667	6.857142857	5.833333333	7	6.6	6.572619048
s004	self	Prac	14	12	p2	5	0	0	0	5	912	1003				969	2.5	4	6.5	7	7	7	5.666666667	6.857142857	5.833333333	7	6.6	6.572619048
s004	self	Prac	15	13	p1	4	-1	1	0	5	793	912				969	2.5	4	6.5	7	7	7	5.666666667	6.857142857	5.833333333	7	6.6	6.572619048
s004	self	Prac	16	14	p1	4	0	0	0	4	997	793				969	2.5	4	6.5	7	7	7	5.666666667	6.857142857	5.833333333	7	6.6	6.572619048
s004	self	Prac	17	15	p3	6	2	1	1	4	424	997				969	2.5	4	6.5	7	7	7	5.666666667	6.857142857	5.833333333	7	6.6	6.572619048
s004	self	Prac	18	16	p3	6	0	0	0	6	829	424				969	2.5	4	6.5	7	7	7	5.666666667	6.857142857	5.833333333	7	6.6	6.572619048
s004	self	Prac	19	17	p3	6	0	0	0	6	814	829				969	2.5	4	6.5	7	7	7	5.666666667	6.857142857	5.833333333	7	6.6	6.572619048
s004	self	Prac	20	18	e1	7	1	1	1	6	307	814				969	2.5	4	6.5	7	7	7	5.666666667	6.857142857	5.833333333	7	6.6	6.572619048
s004	self	PostTest	1	0	N2	2	NA	NA	0	7	1614	NA				969	2.5	4	6.5	7	7	7	5.666666667	6.857142857	5.833333333	7	6.6	6.572619048
s004	self	PostTest	2	1	P2	5	NA	NA	1	2	1200	NA				969	2.5	4	6.5	7	7	7	5.666666667	6.857142857	5.833333333	7	6.6	6.572619048
s004	self	PostTest	3	2	E2	8	NA	NA	1	5	-222	NA				969	2.5	4	6.5	7	7	7	5.666666667	6.857142857	5.833333333	7	6.6	6.572619048
s005	self	Prac	1	-1	n1	1	NA	NA	NA	NA	1571	NA				1571	4.5	5.714285714	5	3.75	3.333333333	5	4.549603175	4.142857143	3.333333333	4.4	5.2	4.269047619
s005	self	Prac	2	0	n2	2	1	1	1	1	1293	1571				1571	4.5	5.714285714	5	3.75	3.333333333	5	4.549603175	4.142857143	3.333333333	4.4	5.2	4.269047619
s005	self	Prac	3	1	n3	3	1	1	1	2	1419	1293				1571	4.5	5.714285714	5	3.75	3.333333333	5	4.549603175	4.142857143	3.333333333	4.4	5.2	4.269047619
s005	self	Prac	4	2	p1	4	1	1	1	3	777	1419				1571	4.5	5.714285714	5	3.75	3.333333333	5	4.549603175	4.142857143	3.333333333	4.4	5.2	4.269047619
s005	self	Prac	5	3	p2	5	1	1	1	4	982	777				1571	4.5	5.714285714	5	3.75	3.333333333	5	4.549603175	4.142857143	3.333333333	4.4	5.2	4.269047619
s005	self	Prac	6	4	p3	6	1	1	1	5	1120	982				1571	4.5	5.714285714	5	3.75	3.333333333	5	4.549603175	4.142857143	3.333333333	4.4	5.2	4.269047619
s005	self	Prac	7	5	e1	7	1	1	1	6	172	1120				1571	4.5	5.714285714	5	3.75	3.333333333	5	4.549603175	4.142857143	3.333333333	4.4	5.2	4.269047619
s005	self	Prac	8	6	e2	8	1	1	1	7	242	172				1571	4.5	5.714285714	5	3.75	3.333333333	5	4.549603175	4.142857143	3.333333333	4.4	5.2	4.269047619
s005	self	Prac	9	7	e3	9	1	1	1	8	3	242				1571	4.5	5.714285714	5	3.75	3.333333333	5	4.549603175	4.142857143	3.333333333	4.4	5.2	4.269047619
s005	self	Prac	10	8	e3	9	0	0	0	9	-113	3				1571	4.5	5.714285714	5	3.75	3.333333333	5	4.549603175	4.142857143	3.333333333	4.4	5.2	4.269047619
s005	self	Prac	11	9	e3	9	0	0	0	9	117	-113				1571	4.5	5.714285714	5	3.75	3.333333333	5	4.549603175	4.142857143	3.333333333	4.4	5.2	4.269047619
s005	self	Prac	12	10	e3	9	0	0	0	9	86	117				1571	4.5	5.714285714	5	3.75	3.333333333	5	4.549603175	4.142857143	3.333333333	4.4	5.2	4.269047619
s005	self	Prac	13	11	e3	9	0	0	0	9	62	86				1571	4.5	5.714285714	5	3.75	3.333333333	5	4.549603175	4.142857143	3.333333333	4.4	5.2	4.269047619
s005	self	Prac	14	12	e3	9	0	0	0	9	158	62				1571	4.5	5.714285714	5	3.75	3.333333333	5	4.549603175	4.142857143	3.333333333	4.4	5.2	4.269047619
s005	self	Prac	15	13	e3	9	0	0	0	9	-202	158				1571	4.5	5.714285714	5	3.75	3.333333333	5	4.549603175	4.142857143	3.333333333	4.4	5.2	4.269047619
s005	self	Prac	16	14	e3	9	0	0	0	9	81	-202				1571	4.5	5.714285714	5	3.75	3.333333333	5	4.549603175	4.142857143	3.333333333	4.4	5.2	4.269047619
s005	self	Prac	17	15	e3	9	0	0	0	9	-97	81				1571	4.5	5.714285714	5	3.75	3.333333333	5	4.549603175	4.142857143	3.333333333	4.4	5.2	4.269047619
s005	self	Prac	18	16	e3	9	0	0	0	9	191	-97				1571	4.5	5.714285714	5	3.75	3.333333333	5	4.549603175	4.142857143	3.333333333	4.4	5.2	4.269047619
s005	self	Prac	19	17	e3	9	0	0	0	9	-103	191				1571	4.5	5.714285714	5	3.75	3.333333333	5	4.549603175	4.142857143	3.333333333	4.4	5.2	4.269047619
s005	self	Prac	20	18	n1	1	-8	1	0	9	1760	-103				1571	4.5	5.714285714	5	3.75	3.333333333	5	4.549603175	4.142857143	3.333333333	4.4	5.2	4.269047619
s005	self	PostTest	1	0	N2	2	NA	NA	1	1	1497	NA				1571	4.5	5.714285714	5	3.75	3.333333333	5	4.549603175	4.142857143	3.333333333	4.4	5.2	4.269047619
s005	self	PostTest	2	1	P2	5	NA	NA	1	2	1405	NA				1571	4.5	5.714285714	5	3.75	3.333333333	5	4.549603175	4.142857143	3.333333333	4.4	5.2	4.269047619
s005	self	PostTest	3	2	E2	8	NA	NA	1	5	120	NA				1571	4.5	5.714285714	5	3.75	3.333333333	5	4.549603175	4.142857143	3.333333333	4.4	5.2	4.269047619
s006	self	Prac	1	-1	n1	1	NA	NA	NA	NA	433	NA				433	2.25	6.428571429	4.25	3	3.333333333	3.666666667	3.821428571	3	4.666666667	1.8	6.8	4.066666667
s006	self	Prac	2	0	n2	2	1	1	1	1	1285	433				433	2.25	6.428571429	4.25	3	3.333333333	3.666666667	3.821428571	3	4.666666667	1.8	6.8	4.066666667
s006	self	Prac	3	1	n2	2	0	0	0	2	891	1285				433	2.25	6.428571429	4.25	3	3.333333333	3.666666667	3.821428571	3	4.666666667	1.8	6.8	4.066666667
s006	self	Prac	4	2	n3	3	1	1	1	2	1209	891				433	2.25	6.428571429	4.25	3	3.333333333	3.666666667	3.821428571	3	4.666666667	1.8	6.8	4.066666667
s006	self	Prac	5	3	n3	3	0	0	0	3	1311	1209				433	2.25	6.428571429	4.25	3	3.333333333	3.666666667	3.821428571	3	4.666666667	1.8	6.8	4.066666667
s006	self	Prac	6	4	p1	4	1	1	1	3	679	1311				433	2.25	6.428571429	4.25	3	3.333333333	3.666666667	3.821428571	3	4.666666667	1.8	6.8	4.066666667
s006	self	Prac	7	5	p1	4	0	0	0	4	1096	679				433	2.25	6.428571429	4.25	3	3.333333333	3.666666667	3.821428571	3	4.666666667	1.8	6.8	4.066666667
s006	self	Prac	8	6	p1	4	0	0	0	4	889	1096				433	2.25	6.428571429	4.25	3	3.333333333	3.666666667	3.821428571	3	4.666666667	1.8	6.8	4.066666667
s006	self	Prac	9	7	p1	4	0	0	0	4	990	889				433	2.25	6.428571429	4.25	3	3.333333333	3.666666667	3.821428571	3	4.666666667	1.8	6.8	4.066666667
s006	self	Prac	10	8	p1	4	0	0	0	4	1084	990				433	2.25	6.428571429	4.25	3	3.333333333	3.666666667	3.821428571	3	4.666666667	1.8	6.8	4.066666667
s006	self	Prac	11	9	p2	5	1	1	1	4	1002	1084				433	2.25	6.428571429	4.25	3	3.333333333	3.666666667	3.821428571	3	4.666666667	1.8	6.8	4.066666667
s006	self	Prac	12	10	p2	5	0	0	0	5	1017	1002				433	2.25	6.428571429	4.25	3	3.333333333	3.666666667	3.821428571	3	4.666666667	1.8	6.8	4.066666667
s006	self	Prac	13	11	p2	5	0	0	0	5	927	1017				433	2.25	6.428571429	4.25	3	3.333333333	3.666666667	3.821428571	3	4.666666667	1.8	6.8	4.066666667
s006	self	Prac	14	12	p3	6	1	1	1	5	1114	927				433	2.25	6.428571429	4.25	3	3.333333333	3.666666667	3.821428571	3	4.666666667	1.8	6.8	4.066666667
s006	self	Prac	15	13	p3	6	0	0	0	6	923	1114				433	2.25	6.428571429	4.25	3	3.333333333	3.666666667	3.821428571	3	4.666666667	1.8	6.8	4.066666667
s006	self	Prac	16	14	p3	6	0	0	0	6	921	923				433	2.25	6.428571429	4.25	3	3.333333333	3.666666667	3.821428571	3	4.666666667	1.8	6.8	4.066666667
s006	self	Prac	17	15	p3	6	0	0	0	6	1221	921				433	2.25	6.428571429	4.25	3	3.333333333	3.666666667	3.821428571	3	4.666666667	1.8	6.8	4.066666667
s006	self	Prac	18	16	e1	7	1	1	1	6	86	1221				433	2.25	6.428571429	4.25	3	3.333333333	3.666666667	3.821428571	3	4.666666667	1.8	6.8	4.066666667
s006	self	Prac	19	17	e1	7	0	0	0	7	83	86				433	2.25	6.428571429	4.25	3	3.333333333	3.666666667	3.821428571	3	4.666666667	1.8	6.8	4.066666667
s006	self	Prac	20	18	e1	7	0	0	0	7	202	83				433	2.25	6.428571429	4.25	3	3.333333333	3.666666667	3.821428571	3	4.666666667	1.8	6.8	4.066666667
s006	self	PostTest	1	0	N2	2	NA	NA	0	7	1510	NA				433	2.25	6.428571429	4.25	3	3.333333333	3.666666667	3.821428571	3	4.666666667	1.8	6.8	4.066666667
s006	self	PostTest	2	1	P2	5	NA	NA	1	2	1101	NA				433	2.25	6.428571429	4.25	3	3.333333333	3.666666667	3.821428571	3	4.666666667	1.8	6.8	4.066666667
s006	self	PostTest	3	2	E2	8	NA	NA	1	5	50	NA				433	2.25	6.428571429	4.25	3	3.333333333	3.666666667	3.821428571	3	4.666666667	1.8	6.8	4.066666667
s007	self	Prac	1	-1	n1	1	NA	NA	NA	NA	1084	NA				1084	1.75	5.142857143	2.75	2.75	2	5.666666667	3.343253968	3.142857143	3	7	6.6	4.935714286
s007	self	Prac	2	0	n1	1	0	0	0	1	799	1084				1084	1.75	5.142857143	2.75	2.75	2	5.666666667	3.343253968	3.142857143	3	7	6.6	4.935714286
s007	self	Prac	3	1	n1	1	0	0	0	1	1271	799				1084	1.75	5.142857143	2.75	2.75	2	5.666666667	3.343253968	3.142857143	3	7	6.6	4.935714286
s007	self	Prac	4	2	n1	1	0	0	0	1	991	1271				1084	1.75	5.142857143	2.75	2.75	2	5.666666667	3.343253968	3.142857143	3	7	6.6	4.935714286
s007	self	Prac	5	3	n2	2	1	1	1	1	1196	991				1084	1.75	5.142857143	2.75	2.75	2	5.666666667	3.343253968	3.142857143	3	7	6.6	4.935714286
s007	self	Prac	6	4	n2	2	0	0	0	2	1002	1196				1084	1.75	5.142857143	2.75	2.75	2	5.666666667	3.343253968	3.142857143	3	7	6.6	4.935714286
s007	self	Prac	7	5	n2	2	0	0	0	2	1114	1002				1084	1.75	5.142857143	2.75	2.75	2	5.666666667	3.343253968	3.142857143	3	7	6.6	4.935714286
s007	self	Prac	8	6	n2	2	0	0	0	2	1105	1114				1084	1.75	5.142857143	2.75	2.75	2	5.666666667	3.343253968	3.142857143	3	7	6.6	4.935714286
s007	self	Prac	9	7	n2	2	0	0	0	2	900	1105				1084	1.75	5.142857143	2.75	2.75	2	5.666666667	3.343253968	3.142857143	3	7	6.6	4.935714286
s007	self	Prac	10	8	n2	2	0	0	0	2	897	900				1084	1.75	5.142857143	2.75	2.75	2	5.666666667	3.343253968	3.142857143	3	7	6.6	4.935714286
s007	self	Prac	11	9	n2	2	0	0	0	2	785	897				1084	1.75	5.142857143	2.75	2.75	2	5.666666667	3.343253968	3.142857143	3	7	6.6	4.935714286
s007	self	Prac	12	10	n2	2	0	0	0	2	1096	785				1084	1.75	5.142857143	2.75	2.75	2	5.666666667	3.343253968	3.142857143	3	7	6.6	4.935714286
s007	self	Prac	13	11	n2	2	0	0	0	2	1309	1096				1084	1.75	5.142857143	2.75	2.75	2	5.666666667	3.343253968	3.142857143	3	7	6.6	4.935714286
s007	self	Prac	14	12	n3	3	1	1	1	2	1005	1309				1084	1.75	5.142857143	2.75	2.75	2	5.666666667	3.343253968	3.142857143	3	7	6.6	4.935714286
s007	self	Prac	15	13	n3	3	0	0	0	3	920	1005				1084	1.75	5.142857143	2.75	2.75	2	5.666666667	3.343253968	3.142857143	3	7	6.6	4.935714286
s007	self	Prac	16	14	n3	3	0	0	0	3	923	920				1084	1.75	5.142857143	2.75	2.75	2	5.666666667	3.343253968	3.142857143	3	7	6.6	4.935714286
s007	self	Prac	17	15	n3	3	0	0	0	3	907	923				1084	1.75	5.142857143	2.75	2.75	2	5.666666667	3.343253968	3.142857143	3	7	6.6	4.935714286
s007	self	Prac	18	16	n3	3	0	0	0	3	1319	907				1084	1.75	5.142857143	2.75	2.75	2	5.666666667	3.343253968	3.142857143	3	7	6.6	4.935714286
s007	self	Prac	19	17	n3	3	0	0	0	3	1606	1319				1084	1.75	5.142857143	2.75	2.75	2	5.666666667	3.343253968	3.142857143	3	7	6.6	4.935714286
s007	self	Prac	20	18	n3	3	0	0	0	3	1427	1606				1084	1.75	5.142857143	2.75	2.75	2	5.666666667	3.343253968	3.142857143	3	7	6.6	4.935714286
s007	self	PostTest	1	0	N2	2	NA	NA	0	3	1398	NA				1084	1.75	5.142857143	2.75	2.75	2	5.666666667	3.343253968	3.142857143	3	7	6.6	4.935714286
s007	self	PostTest	2	1	P2	5	NA	NA	1	2	1098	NA				1084	1.75	5.142857143	2.75	2.75	2	5.666666667	3.343253968	3.142857143	3	7	6.6	4.935714286
s007	self	PostTest	3	2	E2	8	NA	NA	1	5	122	NA				1084	1.75	5.142857143	2.75	2.75	2	5.666666667	3.343253968	3.142857143	3	7	6.6	4.935714286
s008	self	Prac	1	-1	n1	1	NA	NA	NA	NA	543	NA				543	4.375	5	4.5	4.25	3.666666667	4.666666667	4.409722222	4.571428571	4.5	5	4	4.517857143
s008	self	Prac	2	0	n3	3	2	1	1	1	592	543				543	4.375	5	4.5	4.25	3.666666667	4.666666667	4.409722222	4.571428571	4.5	5	4	4.517857143
s008	self	Prac	3	1	n3	3	0	0	0	3	805	592				543	4.375	5	4.5	4.25	3.666666667	4.666666667	4.409722222	4.571428571	4.5	5	4	4.517857143
s008	self	Prac	4	2	p1	4	1	1	1	3	754	805				543	4.375	5	4.5	4.25	3.666666667	4.666666667	4.409722222	4.571428571	4.5	5	4	4.517857143
s008	self	Prac	5	3	p1	4	0	0	0	4	776	754				543	4.375	5	4.5	4.25	3.666666667	4.666666667	4.409722222	4.571428571	4.5	5	4	4.517857143
s008	self	Prac	6	4	p2	5	1	1	1	4	407	776				543	4.375	5	4.5	4.25	3.666666667	4.666666667	4.409722222	4.571428571	4.5	5	4	4.517857143
s008	self	Prac	7	5	p2	5	0	0	0	5	707	407				543	4.375	5	4.5	4.25	3.666666667	4.666666667	4.409722222	4.571428571	4.5	5	4	4.517857143
s008	self	Prac	8	6	p3	6	1	1	1	5	308	707				543	4.375	5	4.5	4.25	3.666666667	4.666666667	4.409722222	4.571428571	4.5	5	4	4.517857143
s008	self	Prac	9	7	p3	6	0	0	0	6	434	308				543	4.375	5	4.5	4.25	3.666666667	4.666666667	4.409722222	4.571428571	4.5	5	4	4.517857143
s008	self	Prac	10	8	p3	6	0	0	0	6	834	434				543	4.375	5	4.5	4.25	3.666666667	4.666666667	4.409722222	4.571428571	4.5	5	4	4.517857143
s008	self	Prac	11	9	e1	7	1	1	1	6	170	834				543	4.375	5	4.5	4.25	3.666666667	4.666666667	4.409722222	4.571428571	4.5	5	4	4.517857143
s008	self	Prac	12	10	e1	7	0	0	0	7	362	170				543	4.375	5	4.5	4.25	3.666666667	4.666666667	4.409722222	4.571428571	4.5	5	4	4.517857143
s008	self	Prac	13	11	e1	7	0	0	0	7	266	362				543	4.375	5	4.5	4.25	3.666666667	4.666666667	4.409722222	4.571428571	4.5	5	4	4.517857143
s008	self	Prac	14	12	e1	7	0	0	0	7	54	266				543	4.375	5	4.5	4.25	3.666666667	4.666666667	4.409722222	4.571428571	4.5	5	4	4.517857143
s008	self	Prac	15	13	e1	7	0	0	0	7	176	54				543	4.375	5	4.5	4.25	3.666666667	4.666666667	4.409722222	4.571428571	4.5	5	4	4.517857143
s008	self	Prac	16	14	e1	7	0	0	0	7	-156	176				543	4.375	5	4.5	4.25	3.666666667	4.666666667	4.409722222	4.571428571	4.5	5	4	4.517857143
s008	self	Prac	17	15	e1	7	0	0	0	7	-136	-156				543	4.375	5	4.5	4.25	3.666666667	4.666666667	4.409722222	4.571428571	4.5	5	4	4.517857143
s008	self	Prac	18	16	e1	7	0	0	0	7	33	-136				543	4.375	5	4.5	4.25	3.666666667	4.666666667	4.409722222	4.571428571	4.5	5	4	4.517857143
s008	self	Prac	19	17	e1	7	0	0	0	7	-19	33				543	4.375	5	4.5	4.25	3.666666667	4.666666667	4.409722222	4.571428571	4.5	5	4	4.517857143
s008	self	Prac	20	18	e1	7	0	0	0	7	159	-19				543	4.375	5	4.5	4.25	3.666666667	4.666666667	4.409722222	4.571428571	4.5	5	4	4.517857143
s008	self	PostTest	1	0	N2	2	NA	NA	0	7	1406	NA				543	4.375	5	4.5	4.25	3.666666667	4.666666667	4.409722222	4.571428571	4.5	5	4	4.517857143
s008	self	PostTest	2	1	P2	5	NA	NA	1	2	700	NA				543	4.375	5	4.5	4.25	3.666666667	4.666666667	4.409722222	4.571428571	4.5	5	4	4.517857143
s008	self	PostTest	3	2	E2	8	NA	NA	1	5	-284	NA				543	4.375	5	4.5	4.25	3.666666667	4.666666667	4.409722222	4.571428571	4.5	5	4	4.517857143
s009	self	Prac	1	-1	n1	1	NA	NA	NA	NA	839	NA				839	2.5	4.571428571	4.5	3.25	3	3.666666667	3.581349206	2.714285714	4.5	5.6	6.8	4.903571429
s009	self	Prac	2	0	n2	2	1	1	1	1	1393	839				839	2.5	4.571428571	4.5	3.25	3	3.666666667	3.581349206	2.714285714	4.5	5.6	6.8	4.903571429
s009	self	Prac	3	1	n3	3	1	1	1	2	1410	1393				839	2.5	4.571428571	4.5	3.25	3	3.666666667	3.581349206	2.714285714	4.5	5.6	6.8	4.903571429
s009	self	Prac	4	2	n3	3	0	0	0	3	1108	1410				839	2.5	4.571428571	4.5	3.25	3	3.666666667	3.581349206	2.714285714	4.5	5.6	6.8	4.903571429
s009	self	Prac	5	3	n3	3	0	0	0	3	1318	1108				839	2.5	4.571428571	4.5	3.25	3	3.666666667	3.581349206	2.714285714	4.5	5.6	6.8	4.903571429
s009	self	Prac	6	4	n3	3	0	0	0	3	1316	1318				839	2.5	4.571428571	4.5	3.25	3	3.666666667	3.581349206	2.714285714	4.5	5.6	6.8	4.903571429
s009	self	Prac	7	5	n3	3	0	0	0	3	1210	1316				839	2.5	4.571428571	4.5	3.25	3	3.666666667	3.581349206	2.714285714	4.5	5.6	6.8	4.903571429
s009	self	Prac	8	6	n3	3	0	0	0	3	1206	1210				839	2.5	4.571428571	4.5	3.25	3	3.666666667	3.581349206	2.714285714	4.5	5.6	6.8	4.903571429
s009	self	Prac	9	7	n3	3	0	0	0	3	1509	1206				839	2.5	4.571428571	4.5	3.25	3	3.666666667	3.581349206	2.714285714	4.5	5.6	6.8	4.903571429
s009	self	Prac	10	8	p1	4	1	1	1	3	1160	1509				839	2.5	4.571428571	4.5	3.25	3	3.666666667	3.581349206	2.714285714	4.5	5.6	6.8	4.903571429
s009	self	Prac	11	9	p1	4	0	0	0	4	1073	1160				839	2.5	4.571428571	4.5	3.25	3	3.666666667	3.581349206	2.714285714	4.5	5.6	6.8	4.903571429
s009	self	Prac	12	10	p1	4	0	0	0	4	1011	1073				839	2.5	4.571428571	4.5	3.25	3	3.666666667	3.581349206	2.714285714	4.5	5.6	6.8	4.903571429
s009	self	Prac	13	11	p1	4	0	0	0	4	374	1011				839	2.5	4.571428571	4.5	3.25	3	3.666666667	3.581349206	2.714285714	4.5	5.6	6.8	4.903571429
s009	self	Prac	14	12	p1	4	0	0	0	4	1071	374				839	2.5	4.571428571	4.5	3.25	3	3.666666667	3.581349206	2.714285714	4.5	5.6	6.8	4.903571429
s009	self	Prac	15	13	p1	4	0	0	0	4	1559	1071				839	2.5	4.571428571	4.5	3.25	3	3.666666667	3.581349206	2.714285714	4.5	5.6	6.8	4.903571429
s009	self	Prac	16	14	p2	5	1	1	1	4	909	1559				839	2.5	4.571428571	4.5	3.25	3	3.666666667	3.581349206	2.714285714	4.5	5.6	6.8	4.903571429
s009	self	Prac	17	15	p2	5	0	0	0	5	1000	909				839	2.5	4.571428571	4.5	3.25	3	3.666666667	3.581349206	2.714285714	4.5	5.6	6.8	4.903571429
s009	self	Prac	18	16	p2	5	0	0	0	5	912	1000				839	2.5	4.571428571	4.5	3.25	3	3.666666667	3.581349206	2.714285714	4.5	5.6	6.8	4.903571429
s009	self	Prac	19	17	p2	5	0	0	0	5	1205	912				839	2.5	4.571428571	4.5	3.25	3	3.666666667	3.581349206	2.714285714	4.5	5.6	6.8	4.903571429
s009	self	Prac	20	18	p3	6	1	1	1	5	822	1205				839	2.5	4.571428571	4.5	3.25	3	3.666666667	3.581349206	2.714285714	4.5	5.6	6.8	4.903571429
s009	self	PostTest	1	0	N2	2	NA	NA	0	6	1201	NA				839	2.5	4.571428571	4.5	3.25	3	3.666666667	3.581349206	2.714285714	4.5	5.6	6.8	4.903571429
s009	self	PostTest	2	1	P2	5	NA	NA	1	2	920	NA				839	2.5	4.571428571	4.5	3.25	3	3.666666667	3.581349206	2.714285714	4.5	5.6	6.8	4.903571429
s009	self	PostTest	3	2	E2	8	NA	NA	1	5	36	NA				839	2.5	4.571428571	4.5	3.25	3	3.666666667	3.581349206	2.714285714	4.5	5.6	6.8	4.903571429
s010	self	Prac	1	-1	n1	1	NA	NA	NA	NA	836	NA				836	2.75	4	5.75	3.5	4.666666667	4.666666667	4.222222222	4.714285714	1.666666667	4.6	4.4	3.845238095
s010	self	Prac	2	0	n2	2	1	1	1	1	1390	836				836	2.75	4	5.75	3.5	4.666666667	4.666666667	4.222222222	4.714285714	1.666666667	4.6	4.4	3.845238095
s010	self	Prac	3	1	n3	3	1	1	1	2	1223	1390				836	2.75	4	5.75	3.5	4.666666667	4.666666667	4.222222222	4.714285714	1.666666667	4.6	4.4	3.845238095
s010	self	Prac	4	2	p1	4	1	1	1	3	784	1223				836	2.75	4	5.75	3.5	4.666666667	4.666666667	4.222222222	4.714285714	1.666666667	4.6	4.4	3.845238095
s010	self	Prac	5	3	p2	5	1	1	1	4	514	784				836	2.75	4	5.75	3.5	4.666666667	4.666666667	4.222222222	4.714285714	1.666666667	4.6	4.4	3.845238095
s010	self	Prac	6	4	p1	4	-1	1	0	5	1289	514				836	2.75	4	5.75	3.5	4.666666667	4.666666667	4.222222222	4.714285714	1.666666667	4.6	4.4	3.845238095
s010	self	Prac	7	5	p1	4	0	0	0	4	988	1289				836	2.75	4	5.75	3.5	4.666666667	4.666666667	4.222222222	4.714285714	1.666666667	4.6	4.4	3.845238095
s010	self	Prac	8	6	p1	4	0	0	0	4	900	988				836	2.75	4	5.75	3.5	4.666666667	4.666666667	4.222222222	4.714285714	1.666666667	4.6	4.4	3.845238095
s010	self	Prac	9	7	p2	5	1	1	1	4	1105	900				836	2.75	4	5.75	3.5	4.666666667	4.666666667	4.222222222	4.714285714	1.666666667	4.6	4.4	3.845238095
s010	self	Prac	10	8	p2	5	0	0	0	5	1008	1105				836	2.75	4	5.75	3.5	4.666666667	4.666666667	4.222222222	4.714285714	1.666666667	4.6	4.4	3.845238095
s010	self	Prac	11	9	p2	5	0	0	0	5	910	1008				836	2.75	4	5.75	3.5	4.666666667	4.666666667	4.222222222	4.714285714	1.666666667	4.6	4.4	3.845238095
s010	self	Prac	12	10	p2	5	0	0	0	5	1002	910				836	2.75	4	5.75	3.5	4.666666667	4.666666667	4.222222222	4.714285714	1.666666667	4.6	4.4	3.845238095
s010	self	Prac	13	11	p2	5	0	0	0	5	913	1002				836	2.75	4	5.75	3.5	4.666666667	4.666666667	4.222222222	4.714285714	1.666666667	4.6	4.4	3.845238095
s010	self	Prac	14	12	p2	5	0	0	0	5	1119	913				836	2.75	4	5.75	3.5	4.666666667	4.666666667	4.222222222	4.714285714	1.666666667	4.6	4.4	3.845238095
s010	self	Prac	15	13	p2	5	0	0	0	5	905	1119				836	2.75	4	5.75	3.5	4.666666667	4.666666667	4.222222222	4.714285714	1.666666667	4.6	4.4	3.845238095
s010	self	Prac	16	14	p3	6	1	1	1	5	1029	905				836	2.75	4	5.75	3.5	4.666666667	4.666666667	4.222222222	4.714285714	1.666666667	4.6	4.4	3.845238095
s010	self	Prac	17	15	p3	6	0	0	0	6	903	1029				836	2.75	4	5.75	3.5	4.666666667	4.666666667	4.222222222	4.714285714	1.666666667	4.6	4.4	3.845238095
s010	self	Prac	18	16	p3	6	0	0	0	6	1033	903				836	2.75	4	5.75	3.5	4.666666667	4.666666667	4.222222222	4.714285714	1.666666667	4.6	4.4	3.845238095
s010	self	Prac	19	17	p3	6	0	0	0	6	1027	1033				836	2.75	4	5.75	3.5	4.666666667	4.666666667	4.222222222	4.714285714	1.666666667	4.6	4.4	3.845238095
s010	self	Prac	20	18	e3	9	3	1	1	6	2	1027				836	2.75	4	5.75	3.5	4.666666667	4.666666667	4.222222222	4.714285714	1.666666667	4.6	4.4	3.845238095
s010	self	PostTest	1	0	N2	2	NA	NA	0	9	1501	NA				836	2.75	4	5.75	3.5	4.666666667	4.666666667	4.222222222	4.714285714	1.666666667	4.6	4.4	3.845238095
s010	self	PostTest	2	1	P2	5	NA	NA	1	2	1319	NA				836	2.75	4	5.75	3.5	4.666666667	4.666666667	4.222222222	4.714285714	1.666666667	4.6	4.4	3.845238095
s010	self	PostTest	3	2	E2	8	NA	NA	1	5	50	NA				836	2.75	4	5.75	3.5	4.666666667	4.666666667	4.222222222	4.714285714	1.666666667	4.6	4.4	3.845238095
s011	self	Prac	1	-1	n1	1	NA	NA	NA	NA	1259	NA				1259	3	4.714285714	5.75	5.25	5.666666667	5	4.896825397	5.428571429	3.166666667	5.4	3.4	4.348809524
s011	self	Prac	2	0	n2	2	1	1	1	1	1312	1259				1259	3	4.714285714	5.75	5.25	5.666666667	5	4.896825397	5.428571429	3.166666667	5.4	3.4	4.348809524
s011	self	Prac	3	1	n3	3	1	1	1	2	1620	1312				1259	3	4.714285714	5.75	5.25	5.666666667	5	4.896825397	5.428571429	3.166666667	5.4	3.4	4.348809524
s011	self	Prac	4	2	p1	4	1	1	1	3	916	1620				1259	3	4.714285714	5.75	5.25	5.666666667	5	4.896825397	5.428571429	3.166666667	5.4	3.4	4.348809524
s011	self	Prac	5	3	p1	4	0	0	0	4	1303	916				1259	3	4.714285714	5.75	5.25	5.666666667	5	4.896825397	5.428571429	3.166666667	5.4	3.4	4.348809524
s011	self	Prac	6	4	p1	4	0	0	0	4	1405	1303				1259	3	4.714285714	5.75	5.25	5.666666667	5	4.896825397	5.428571429	3.166666667	5.4	3.4	4.348809524
s011	self	Prac	7	5	p2	5	1	1	1	4	1306	1405				1259	3	4.714285714	5.75	5.25	5.666666667	5	4.896825397	5.428571429	3.166666667	5.4	3.4	4.348809524
s011	self	Prac	8	6	p2	5	0	0	0	5	1098	1306				1259	3	4.714285714	5.75	5.25	5.666666667	5	4.896825397	5.428571429	3.166666667	5.4	3.4	4.348809524
s011	self	Prac	9	7	p2	5	0	0	0	5	1105	1098				1259	3	4.714285714	5.75	5.25	5.666666667	5	4.896825397	5.428571429	3.166666667	5.4	3.4	4.348809524
s011	self	Prac	10	8	p3	6	1	1	1	5	1212	1105				1259	3	4.714285714	5.75	5.25	5.666666667	5	4.896825397	5.428571429	3.166666667	5.4	3.4	4.348809524
s011	self	Prac	11	9	p3	6	0	0	0	6	1238	1212				1259	3	4.714285714	5.75	5.25	5.666666667	5	4.896825397	5.428571429	3.166666667	5.4	3.4	4.348809524
s011	self	Prac	12	10	p3	6	0	0	0	6	1114	1238				1259	3	4.714285714	5.75	5.25	5.666666667	5	4.896825397	5.428571429	3.166666667	5.4	3.4	4.348809524
s011	self	Prac	13	11	p3	6	0	0	0	6	1020	1114				1259	3	4.714285714	5.75	5.25	5.666666667	5	4.896825397	5.428571429	3.166666667	5.4	3.4	4.348809524
s011	self	Prac	14	12	p3	6	0	0	0	6	1020	1020				1259	3	4.714285714	5.75	5.25	5.666666667	5	4.896825397	5.428571429	3.166666667	5.4	3.4	4.348809524
s011	self	Prac	15	13	e1	7	1	1	1	6	0	1020				1259	3	4.714285714	5.75	5.25	5.666666667	5	4.896825397	5.428571429	3.166666667	5.4	3.4	4.348809524
s011	self	Prac	16	14	e1	7	0	0	0	7	86	0				1259	3	4.714285714	5.75	5.25	5.666666667	5	4.896825397	5.428571429	3.166666667	5.4	3.4	4.348809524
s011	self	Prac	17	15	e1	7	0	0	0	7	326	86				1259	3	4.714285714	5.75	5.25	5.666666667	5	4.896825397	5.428571429	3.166666667	5.4	3.4	4.348809524
s011	self	Prac	18	16	e1	7	0	0	0	7	353	326				1259	3	4.714285714	5.75	5.25	5.666666667	5	4.896825397	5.428571429	3.166666667	5.4	3.4	4.348809524
s011	self	Prac	19	17	e1	7	0	0	0	7	143	353				1259	3	4.714285714	5.75	5.25	5.666666667	5	4.896825397	5.428571429	3.166666667	5.4	3.4	4.348809524
s011	self	Prac	20	18	e1	7	0	0	0	7	62	143				1259	3	4.714285714	5.75	5.25	5.666666667	5	4.896825397	5.428571429	3.166666667	5.4	3.4	4.348809524
s011	self	PostTest	1	0	N2	2	NA	NA	0	7	1405	NA				1259	3	4.714285714	5.75	5.25	5.666666667	5	4.896825397	5.428571429	3.166666667	5.4	3.4	4.348809524
s011	self	PostTest	2	1	P2	5	NA	NA	1	2	997	NA				1259	3	4.714285714	5.75	5.25	5.666666667	5	4.896825397	5.428571429	3.166666667	5.4	3.4	4.348809524
s011	self	PostTest	3	2	E2	8	NA	NA	1	5	-47	NA				1259	3	4.714285714	5.75	5.25	5.666666667	5	4.896825397	5.428571429	3.166666667	5.4	3.4	4.348809524
s012	self	Prac	1	-1	n1	1	NA	NA	NA	NA	1168	NA				1168	3.625	5.428571429	4.5	4	2.333333333	5	4.14781746	3.142857143	4.833333333	4.2	5.2	4.344047619
s012	self	Prac	2	0	n3	3	2	1	1	1	1426	1168				1168	3.625	5.428571429	4.5	4	2.333333333	5	4.14781746	3.142857143	4.833333333	4.2	5.2	4.344047619
s012	self	Prac	3	1	p2	5	2	1	1	3	310	1426				1168	3.625	5.428571429	4.5	4	2.333333333	5	4.14781746	3.142857143	4.833333333	4.2	5.2	4.344047619
s012	self	Prac	4	2	p1	4	-1	1	0	5	710	310				1168	3.625	5.428571429	4.5	4	2.333333333	5	4.14781746	3.142857143	4.833333333	4.2	5.2	4.344047619
s012	self	Prac	5	3	p1	4	0	0	0	4	1516	710				1168	3.625	5.428571429	4.5	4	2.333333333	5	4.14781746	3.142857143	4.833333333	4.2	5.2	4.344047619
s012	self	Prac	6	4	p2	5	1	1	1	4	405	1516				1168	3.625	5.428571429	4.5	4	2.333333333	5	4.14781746	3.142857143	4.833333333	4.2	5.2	4.344047619
s012	self	Prac	7	5	p2	5	0	0	0	5	922	405				1168	3.625	5.428571429	4.5	4	2.333333333	5	4.14781746	3.142857143	4.833333333	4.2	5.2	4.344047619
s012	self	Prac	8	6	p3	6	1	1	1	5	716	922				1168	3.625	5.428571429	4.5	4	2.333333333	5	4.14781746	3.142857143	4.833333333	4.2	5.2	4.344047619
s012	self	Prac	9	7	p3	6	0	0	0	6	934	716				1168	3.625	5.428571429	4.5	4	2.333333333	5	4.14781746	3.142857143	4.833333333	4.2	5.2	4.344047619
s012	self	Prac	10	8	p3	6	0	0	0	6	1027	934				1168	3.625	5.428571429	4.5	4	2.333333333	5	4.14781746	3.142857143	4.833333333	4.2	5.2	4.344047619
s012	self	Prac	11	9	e1	7	1	1	1	6	-31	1027				1168	3.625	5.428571429	4.5	4	2.333333333	5	4.14781746	3.142857143	4.833333333	4.2	5.2	4.344047619
s012	self	Prac	12	10	e1	7	0	0	0	7	474	-31				1168	3.625	5.428571429	4.5	4	2.333333333	5	4.14781746	3.142857143	4.833333333	4.2	5.2	4.344047619
s012	self	Prac	13	11	e2	8	1	1	1	7	147	474				1168	3.625	5.428571429	4.5	4	2.333333333	5	4.14781746	3.142857143	4.833333333	4.2	5.2	4.344047619
s012	self	Prac	14	12	e2	8	0	0	0	8	-76	147				1168	3.625	5.428571429	4.5	4	2.333333333	5	4.14781746	3.142857143	4.833333333	4.2	5.2	4.344047619
s012	self	Prac	15	13	e2	8	0	0	0	8	305	-76				1168	3.625	5.428571429	4.5	4	2.333333333	5	4.14781746	3.142857143	4.833333333	4.2	5.2	4.344047619
s012	self	Prac	16	14	e2	8	0	0	0	8	311	305				1168	3.625	5.428571429	4.5	4	2.333333333	5	4.14781746	3.142857143	4.833333333	4.2	5.2	4.344047619
s012	self	Prac	17	15	e2	8	0	0	0	8	237	311				1168	3.625	5.428571429	4.5	4	2.333333333	5	4.14781746	3.142857143	4.833333333	4.2	5.2	4.344047619
s012	self	Prac	18	16	e2	8	0	0	0	8	521	237				1168	3.625	5.428571429	4.5	4	2.333333333	5	4.14781746	3.142857143	4.833333333	4.2	5.2	4.344047619
s012	self	Prac	19	17	e3	9	1	1	1	8	87	521				1168	3.625	5.428571429	4.5	4	2.333333333	5	4.14781746	3.142857143	4.833333333	4.2	5.2	4.344047619
s012	self	Prac	20	18	e3	9	0	0	0	9	65	87				1168	3.625	5.428571429	4.5	4	2.333333333	5	4.14781746	3.142857143	4.833333333	4.2	5.2	4.344047619
s012	self	PostTest	1	0	N2	2	NA	NA	0	9	1717	NA				1168	3.625	5.428571429	4.5	4	2.333333333	5	4.14781746	3.142857143	4.833333333	4.2	5.2	4.344047619
s012	self	PostTest	2	1	P2	5	NA	NA	1	2	1194	NA				1168	3.625	5.428571429	4.5	4	2.333333333	5	4.14781746	3.142857143	4.833333333	4.2	5.2	4.344047619
s012	self	PostTest	3	2	E2	8	NA	NA	1	5	236	NA				1168	3.625	5.428571429	4.5	4	2.333333333	5	4.14781746	3.142857143	4.833333333	4.2	5.2	4.344047619
s013	self	Prac	1	-1	n1	1	NA	NA	NA	NA	844	NA				844	4.625	4.428571429	4	3.75	4.666666667	5.333333333	4.467261905	5	2.666666667	5.6	6.2	4.866666667
s013	self	Prac	2	0	n2	2	1	1	1	1	880	844				844	4.625	4.428571429	4	3.75	4.666666667	5.333333333	4.467261905	5	2.666666667	5.6	6.2	4.866666667
s013	self	Prac	3	1	n3	3	1	1	1	2	931	880				844	4.625	4.428571429	4	3.75	4.666666667	5.333333333	4.467261905	5	2.666666667	5.6	6.2	4.866666667
s013	self	Prac	4	2	p1	4	1	1	1	3	698	931				844	4.625	4.428571429	4	3.75	4.666666667	5.333333333	4.467261905	5	2.666666667	5.6	6.2	4.866666667
s013	self	Prac	5	3	p1	4	0	0	0	4	273	698				844	4.625	4.428571429	4	3.75	4.666666667	5.333333333	4.467261905	5	2.666666667	5.6	6.2	4.866666667
s013	self	Prac	6	4	p1	4	0	0	0	4	594	273				844	4.625	4.428571429	4	3.75	4.666666667	5.333333333	4.467261905	5	2.666666667	5.6	6.2	4.866666667
s013	self	Prac	7	5	p2	5	1	1	1	4	383	594				844	4.625	4.428571429	4	3.75	4.666666667	5.333333333	4.467261905	5	2.666666667	5.6	6.2	4.866666667
s013	self	Prac	8	6	p2	5	0	0	0	5	595	383				844	4.625	4.428571429	4	3.75	4.666666667	5.333333333	4.467261905	5	2.666666667	5.6	6.2	4.866666667
s013	self	Prac	9	7	p3	6	1	1	1	5	692	595				844	4.625	4.428571429	4	3.75	4.666666667	5.333333333	4.467261905	5	2.666666667	5.6	6.2	4.866666667
s013	self	Prac	10	8	p3	6	0	0	0	6	927	692				844	4.625	4.428571429	4	3.75	4.666666667	5.333333333	4.467261905	5	2.666666667	5.6	6.2	4.866666667
s013	self	Prac	11	9	p3	6	0	0	0	6	834	927				844	4.625	4.428571429	4	3.75	4.666666667	5.333333333	4.467261905	5	2.666666667	5.6	6.2	4.866666667
s013	self	Prac	12	10	p3	6	0	0	0	6	614	834				844	4.625	4.428571429	4	3.75	4.666666667	5.333333333	4.467261905	5	2.666666667	5.6	6.2	4.866666667
s013	self	Prac	13	11	p3	6	0	0	0	6	622	614				844	4.625	4.428571429	4	3.75	4.666666667	5.333333333	4.467261905	5	2.666666667	5.6	6.2	4.866666667
s013	self	Prac	14	12	p3	6	0	0	0	6	432	622				844	4.625	4.428571429	4	3.75	4.666666667	5.333333333	4.467261905	5	2.666666667	5.6	6.2	4.866666667
s013	self	Prac	15	13	p3	6	0	0	0	6	225	432				844	4.625	4.428571429	4	3.75	4.666666667	5.333333333	4.467261905	5	2.666666667	5.6	6.2	4.866666667
s013	self	Prac	16	14	p3	6	0	0	0	6	408	225				844	4.625	4.428571429	4	3.75	4.666666667	5.333333333	4.467261905	5	2.666666667	5.6	6.2	4.866666667
s013	self	Prac	17	15	p3	6	0	0	0	6	695	408				844	4.625	4.428571429	4	3.75	4.666666667	5.333333333	4.467261905	5	2.666666667	5.6	6.2	4.866666667
s013	self	Prac	18	16	e1	7	1	1	1	6	-320	695				844	4.625	4.428571429	4	3.75	4.666666667	5.333333333	4.467261905	5	2.666666667	5.6	6.2	4.866666667
s013	self	Prac	19	17	p3	6	-1	1	0	7	696	-320				844	4.625	4.428571429	4	3.75	4.666666667	5.333333333	4.467261905	5	2.666666667	5.6	6.2	4.866666667
s013	self	Prac	20	18	p3	6	0	0	0	6	880	696				844	4.625	4.428571429	4	3.75	4.666666667	5.333333333	4.467261905	5	2.666666667	5.6	6.2	4.866666667
s013	self	PostTest	1	0	N2	2	NA	NA	0	6	1376	NA				844	4.625	4.428571429	4	3.75	4.666666667	5.333333333	4.467261905	5	2.666666667	5.6	6.2	4.866666667
s013	self	PostTest	2	1	P2	5	NA	NA	1	2	404	NA				844	4.625	4.428571429	4	3.75	4.666666667	5.333333333	4.467261905	5	2.666666667	5.6	6.2	4.866666667
s013	self	PostTest	3	2	E2	8	NA	NA	1	5	-169	NA				844	4.625	4.428571429	4	3.75	4.666666667	5.333333333	4.467261905	5	2.666666667	5.6	6.2	4.866666667
s014	self	Prac	1	-1	n1	1	NA	NA	NA	NA	758	NA				758	5.375	5.285714286	4.25	5.75	5.333333333	6	5.33234127	6	5.166666667	6.4	5	5.641666667
s014	self	Prac	2	0	n2	2	1	1	1	1	1200	758				758	5.375	5.285714286	4.25	5.75	5.333333333	6	5.33234127	6	5.166666667	6.4	5	5.641666667
s014	self	Prac	3	1	n3	3	1	1	1	2	1008	1200				758	5.375	5.285714286	4.25	5.75	5.333333333	6	5.33234127	6	5.166666667	6.4	5	5.641666667
s014	self	Prac	4	2	n3	3	0	0	0	3	906	1008				758	5.375	5.285714286	4.25	5.75	5.333333333	6	5.33234127	6	5.166666667	6.4	5	5.641666667
s014	self	Prac	5	3	n3	3	0	0	0	3	1225	906				758	5.375	5.285714286	4.25	5.75	5.333333333	6	5.33234127	6	5.166666667	6.4	5	5.641666667
s014	self	Prac	6	4	p1	4	1	1	1	3	700	1225				758	5.375	5.285714286	4.25	5.75	5.333333333	6	5.33234127	6	5.166666667	6.4	5	5.641666667
s014	self	Prac	7	5	p1	4	0	0	0	4	709	700				758	5.375	5.285714286	4.25	5.75	5.333333333	6	5.33234127	6	5.166666667	6.4	5	5.641666667
s014	self	Prac	8	6	p1	4	0	0	0	4	911	709				758	5.375	5.285714286	4.25	5.75	5.333333333	6	5.33234127	6	5.166666667	6.4	5	5.641666667
s014	self	Prac	9	7	p1	4	0	0	0	4	1015	911				758	5.375	5.285714286	4.25	5.75	5.333333333	6	5.33234127	6	5.166666667	6.4	5	5.641666667
s014	self	Prac	10	8	p2	5	1	1	1	4	1022	1015				758	5.375	5.285714286	4.25	5.75	5.333333333	6	5.33234127	6	5.166666667	6.4	5	5.641666667
s014	self	Prac	11	9	p2	5	0	0	0	5	1445	1022				758	5.375	5.285714286	4.25	5.75	5.333333333	6	5.33234127	6	5.166666667	6.4	5	5.641666667
s014	self	Prac	12	10	p3	6	1	1	1	5	740	1445				758	5.375	5.285714286	4.25	5.75	5.333333333	6	5.33234127	6	5.166666667	6.4	5	5.641666667
s014	self	Prac	13	11	p3	6	0	0	0	6	642	740				758	5.375	5.285714286	4.25	5.75	5.333333333	6	5.33234127	6	5.166666667	6.4	5	5.641666667
s014	self	Prac	14	12	p3	6	0	0	0	6	909	642				758	5.375	5.285714286	4.25	5.75	5.333333333	6	5.33234127	6	5.166666667	6.4	5	5.641666667
s014	self	Prac	15	13	p3	6	0	0	0	6	1216	909				758	5.375	5.285714286	4.25	5.75	5.333333333	6	5.33234127	6	5.166666667	6.4	5	5.641666667
s014	self	Prac	16	14	p3	6	0	0	0	6	634	1216				758	5.375	5.285714286	4.25	5.75	5.333333333	6	5.33234127	6	5.166666667	6.4	5	5.641666667
s014	self	Prac	17	15	e1	7	1	1	1	6	3	634				758	5.375	5.285714286	4.25	5.75	5.333333333	6	5.33234127	6	5.166666667	6.4	5	5.641666667
s014	self	Prac	18	16	e1	7	0	0	0	7	-8	3				758	5.375	5.285714286	4.25	5.75	5.333333333	6	5.33234127	6	5.166666667	6.4	5	5.641666667
s014	self	Prac	19	17	p3	6	-1	1	0	7	833	-8				758	5.375	5.285714286	4.25	5.75	5.333333333	6	5.33234127	6	5.166666667	6.4	5	5.641666667
s014	self	Prac	20	18	p3	6	0	0	0	6	1125	833				758	5.375	5.285714286	4.25	5.75	5.333333333	6	5.33234127	6	5.166666667	6.4	5	5.641666667
s014	self	PostTest	1	0	N2	2	NA	NA	0	6	1818	NA				758	5.375	5.285714286	4.25	5.75	5.333333333	6	5.33234127	6	5.166666667	6.4	5	5.641666667
s014	self	PostTest	2	1	P2	5	NA	NA	1	2	1024	NA				758	5.375	5.285714286	4.25	5.75	5.333333333	6	5.33234127	6	5.166666667	6.4	5	5.641666667
s014	self	PostTest	3	2	E2	8	NA	NA	1	5	-192	NA				758	5.375	5.285714286	4.25	5.75	5.333333333	6	5.33234127	6	5.166666667	6.4	5	5.641666667
s015	self	Prac	1	-1	n1	1	NA	NA	NA	NA	58	NA				58	5.125	3.714285714	5.25	5	5.333333333	6.666666667	5.181547619	6.571428571	3.666666667	7	5	5.55952381
s015	self	Prac	2	0	n1	1	0	0	0	1	1071	58				58	5.125	3.714285714	5.25	5	5.333333333	6.666666667	5.181547619	6.571428571	3.666666667	7	5	5.55952381
s015	self	Prac	3	1	n2	2	1	1	1	1	781	1071				58	5.125	3.714285714	5.25	5	5.333333333	6.666666667	5.181547619	6.571428571	3.666666667	7	5	5.55952381
s015	self	Prac	4	2	n2	2	0	0	0	2	1399	781				58	5.125	3.714285714	5.25	5	5.333333333	6.666666667	5.181547619	6.571428571	3.666666667	7	5	5.55952381
s015	self	Prac	5	3	n3	3	1	1	1	2	1118	1399				58	5.125	3.714285714	5.25	5	5.333333333	6.666666667	5.181547619	6.571428571	3.666666667	7	5	5.55952381
s015	self	Prac	6	4	p1	4	1	1	1	3	590	1118				58	5.125	3.714285714	5.25	5	5.333333333	6.666666667	5.181547619	6.571428571	3.666666667	7	5	5.55952381
s015	self	Prac	7	5	p1	4	0	0	0	4	1190	590				58	5.125	3.714285714	5.25	5	5.333333333	6.666666667	5.181547619	6.571428571	3.666666667	7	5	5.55952381
s015	self	Prac	8	6	p2	5	1	1	1	4	1192	1190				58	5.125	3.714285714	5.25	5	5.333333333	6.666666667	5.181547619	6.571428571	3.666666667	7	5	5.55952381
s015	self	Prac	9	7	p2	5	0	0	0	5	605	1192				58	5.125	3.714285714	5.25	5	5.333333333	6.666666667	5.181547619	6.571428571	3.666666667	7	5	5.55952381
s015	self	Prac	10	8	p2	5	0	0	0	5	1002	605				58	5.125	3.714285714	5.25	5	5.333333333	6.666666667	5.181547619	6.571428571	3.666666667	7	5	5.55952381
s015	self	Prac	11	9	p2	5	0	0	0	5	916	1002				58	5.125	3.714285714	5.25	5	5.333333333	6.666666667	5.181547619	6.571428571	3.666666667	7	5	5.55952381
s015	self	Prac	12	10	p3	6	1	1	1	5	1029	916				58	5.125	3.714285714	5.25	5	5.333333333	6.666666667	5.181547619	6.571428571	3.666666667	7	5	5.55952381
s015	self	Prac	13	11	p3	6	0	0	0	6	1117	1029				58	5.125	3.714285714	5.25	5	5.333333333	6.666666667	5.181547619	6.571428571	3.666666667	7	5	5.55952381
s015	self	Prac	14	12	e1	7	1	1	1	6	188	1117				58	5.125	3.714285714	5.25	5	5.333333333	6.666666667	5.181547619	6.571428571	3.666666667	7	5	5.55952381
s015	self	Prac	15	13	e1	7	0	0	0	7	-13	188				58	5.125	3.714285714	5.25	5	5.333333333	6.666666667	5.181547619	6.571428571	3.666666667	7	5	5.55952381
s015	self	Prac	16	14	e1	7	0	0	0	7	99	-13				58	5.125	3.714285714	5.25	5	5.333333333	6.666666667	5.181547619	6.571428571	3.666666667	7	5	5.55952381
s015	self	Prac	17	15	e1	7	0	0	0	7	176	99				58	5.125	3.714285714	5.25	5	5.333333333	6.666666667	5.181547619	6.571428571	3.666666667	7	5	5.55952381
s015	self	Prac	18	16	e1	7	0	0	0	7	-107	176				58	5.125	3.714285714	5.25	5	5.333333333	6.666666667	5.181547619	6.571428571	3.666666667	7	5	5.55952381
s015	self	Prac	19	17	p3	6	-1	1	0	7	739	-107				58	5.125	3.714285714	5.25	5	5.333333333	6.666666667	5.181547619	6.571428571	3.666666667	7	5	5.55952381
s015	self	Prac	20	18	p3	6	0	0	0	6	1042	739				58	5.125	3.714285714	5.25	5	5.333333333	6.666666667	5.181547619	6.571428571	3.666666667	7	5	5.55952381
s015	self	PostTest	1	0	N2	2	NA	NA	0	6	1306	NA				58	5.125	3.714285714	5.25	5	5.333333333	6.666666667	5.181547619	6.571428571	3.666666667	7	5	5.55952381
s015	self	PostTest	2	1	P2	5	NA	NA	1	2	916	NA				58	5.125	3.714285714	5.25	5	5.333333333	6.666666667	5.181547619	6.571428571	3.666666667	7	5	5.55952381
s015	self	PostTest	3	2	E2	8	NA	NA	1	5	-148	NA				58	5.125	3.714285714	5.25	5	5.333333333	6.666666667	5.181547619	6.571428571	3.666666667	7	5	5.55952381
s017	self	Prac	1	-1	n1	1	NA	NA	NA	NA	1029	NA				1029	3.75	5.714285714	5	4.75	4.333333333	5.333333333	4.813492063	5.714285714	4	5.4	6	5.278571429
s017	self	Prac	2	0	n1	1	0	0	0	1	1029	1029				1029	3.75	5.714285714	5	4.75	4.333333333	5.333333333	4.813492063	5.714285714	4	5.4	6	5.278571429
s017	self	Prac	3	1	n1	1	0	0	0	1	1059	1029				1029	3.75	5.714285714	5	4.75	4.333333333	5.333333333	4.813492063	5.714285714	4	5.4	6	5.278571429
s017	self	Prac	4	2	n2	2	1	1	1	1	1099	1059				1029	3.75	5.714285714	5	4.75	4.333333333	5.333333333	4.813492063	5.714285714	4	5.4	6	5.278571429
s017	self	Prac	5	3	n2	2	0	0	0	2	1503	1099				1029	3.75	5.714285714	5	4.75	4.333333333	5.333333333	4.813492063	5.714285714	4	5.4	6	5.278571429
s017	self	Prac	6	4	n3	3	1	1	1	2	1118	1503				1029	3.75	5.714285714	5	4.75	4.333333333	5.333333333	4.813492063	5.714285714	4	5.4	6	5.278571429
s017	self	Prac	7	5	n3	3	0	0	0	3	1524	1118				1029	3.75	5.714285714	5	4.75	4.333333333	5.333333333	4.813492063	5.714285714	4	5.4	6	5.278571429
s017	self	Prac	8	6	p1	4	1	1	1	3	778	1524				1029	3.75	5.714285714	5	4.75	4.333333333	5.333333333	4.813492063	5.714285714	4	5.4	6	5.278571429
s017	self	Prac	9	7	p1	4	0	0	0	4	291	778				1029	3.75	5.714285714	5	4.75	4.333333333	5.333333333	4.813492063	5.714285714	4	5.4	6	5.278571429
s017	self	Prac	10	8	p1	4	0	0	0	4	779	291				1029	3.75	5.714285714	5	4.75	4.333333333	5.333333333	4.813492063	5.714285714	4	5.4	6	5.278571429
s017	self	Prac	11	9	p2	5	1	1	1	4	1199	779				1029	3.75	5.714285714	5	4.75	4.333333333	5.333333333	4.813492063	5.714285714	4	5.4	6	5.278571429
s017	self	Prac	12	10	p2	5	0	0	0	5	894	1199				1029	3.75	5.714285714	5	4.75	4.333333333	5.333333333	4.813492063	5.714285714	4	5.4	6	5.278571429
s017	self	Prac	13	11	p3	6	1	1	1	5	895	894				1029	3.75	5.714285714	5	4.75	4.333333333	5.333333333	4.813492063	5.714285714	4	5.4	6	5.278571429
s017	self	Prac	14	12	p3	6	0	0	0	6	1304	895				1029	3.75	5.714285714	5	4.75	4.333333333	5.333333333	4.813492063	5.714285714	4	5.4	6	5.278571429
s017	self	Prac	15	13	e1	7	1	1	1	6	-27	1304				1029	3.75	5.714285714	5	4.75	4.333333333	5.333333333	4.813492063	5.714285714	4	5.4	6	5.278571429
s017	self	Prac	16	14	e1	7	0	0	0	7	51	-27				1029	3.75	5.714285714	5	4.75	4.333333333	5.333333333	4.813492063	5.714285714	4	5.4	6	5.278571429
s017	self	Prac	17	15	e1	7	0	0	0	7	239	51				1029	3.75	5.714285714	5	4.75	4.333333333	5.333333333	4.813492063	5.714285714	4	5.4	6	5.278571429
s017	self	Prac	18	16	e2	8	1	1	1	7	169	239				1029	3.75	5.714285714	5	4.75	4.333333333	5.333333333	4.813492063	5.714285714	4	5.4	6	5.278571429
s017	self	Prac	19	17	e2	8	0	0	0	8	192	169				1029	3.75	5.714285714	5	4.75	4.333333333	5.333333333	4.813492063	5.714285714	4	5.4	6	5.278571429
s017	self	Prac	20	18	e2	8	0	0	0	8	14	192				1029	3.75	5.714285714	5	4.75	4.333333333	5.333333333	4.813492063	5.714285714	4	5.4	6	5.278571429
s017	self	PostTest	1	0	N2	2	NA	NA	0	8	1302	NA				1029	3.75	5.714285714	5	4.75	4.333333333	5.333333333	4.813492063	5.714285714	4	5.4	6	5.278571429
s017	self	PostTest	2	1	P2	5	NA	NA	1	2	1300	NA				1029	3.75	5.714285714	5	4.75	4.333333333	5.333333333	4.813492063	5.714285714	4	5.4	6	5.278571429
s017	self	PostTest	3	2	E2	8	NA	NA	1	5	264	NA				1029	3.75	5.714285714	5	4.75	4.333333333	5.333333333	4.813492063	5.714285714	4	5.4	6	5.278571429
s018	self	Prac	1	-1	n1	1	NA	NA	NA	NA	1240	NA				1240	5	4.285714286	4.5	3.25	3.666666667	6	4.450396825	4.857142857	3.166666667	3.8	6.6	4.605952381
s018	self	Prac	2	0	n2	2	1	1	1	1	1180	1240				1240	5	4.285714286	4.5	3.25	3.666666667	6	4.450396825	4.857142857	3.166666667	3.8	6.6	4.605952381
s018	self	Prac	3	1	n3	3	1	1	1	2	1398	1180				1240	5	4.285714286	4.5	3.25	3.666666667	6	4.450396825	4.857142857	3.166666667	3.8	6.6	4.605952381
s018	self	Prac	4	2	p1	4	1	1	1	3	749	1398				1240	5	4.285714286	4.5	3.25	3.666666667	6	4.450396825	4.857142857	3.166666667	3.8	6.6	4.605952381
s018	self	Prac	5	3	p1	4	0	0	0	4	1064	749				1240	5	4.285714286	4.5	3.25	3.666666667	6	4.450396825	4.857142857	3.166666667	3.8	6.6	4.605952381
s018	self	Prac	6	4	p2	5	1	1	1	4	124	1064				1240	5	4.285714286	4.5	3.25	3.666666667	6	4.450396825	4.857142857	3.166666667	3.8	6.6	4.605952381
s018	self	Prac	7	5	p2	5	0	0	0	5	104	124				1240	5	4.285714286	4.5	3.25	3.666666667	6	4.450396825	4.857142857	3.166666667	3.8	6.6	4.605952381
s018	self	Prac	8	6	p1	4	-1	1	0	5	1079	104				1240	5	4.285714286	4.5	3.25	3.666666667	6	4.450396825	4.857142857	3.166666667	3.8	6.6	4.605952381
s018	self	Prac	9	7	p1	4	0	0	0	4	778	1079				1240	5	4.285714286	4.5	3.25	3.666666667	6	4.450396825	4.857142857	3.166666667	3.8	6.6	4.605952381
s018	self	Prac	10	8	p1	4	0	0	0	4	862	778				1240	5	4.285714286	4.5	3.25	3.666666667	6	4.450396825	4.857142857	3.166666667	3.8	6.6	4.605952381
s018	self	Prac	11	9	p2	5	1	1	1	4	585	862				1240	5	4.285714286	4.5	3.25	3.666666667	6	4.450396825	4.857142857	3.166666667	3.8	6.6	4.605952381
s018	self	Prac	12	10	p2	5	0	0	0	5	769	585				1240	5	4.285714286	4.5	3.25	3.666666667	6	4.450396825	4.857142857	3.166666667	3.8	6.6	4.605952381
s018	self	Prac	13	11	p3	6	1	1	1	5	1016	769				1240	5	4.285714286	4.5	3.25	3.666666667	6	4.450396825	4.857142857	3.166666667	3.8	6.6	4.605952381
s018	self	Prac	14	12	p3	6	0	0	0	6	911	1016				1240	5	4.285714286	4.5	3.25	3.666666667	6	4.450396825	4.857142857	3.166666667	3.8	6.6	4.605952381
s018	self	Prac	15	13	e1	7	1	1	1	6	355	911				1240	5	4.285714286	4.5	3.25	3.666666667	6	4.450396825	4.857142857	3.166666667	3.8	6.6	4.605952381
s018	self	Prac	16	14	e1	7	0	0	0	7	240	355				1240	5	4.285714286	4.5	3.25	3.666666667	6	4.450396825	4.857142857	3.166666667	3.8	6.6	4.605952381
s018	self	Prac	17	15	e2	8	1	1	1	7	-245	240				1240	5	4.285714286	4.5	3.25	3.666666667	6	4.450396825	4.857142857	3.166666667	3.8	6.6	4.605952381
s018	self	Prac	18	16	e1	7	-1	1	0	8	157	-245				1240	5	4.285714286	4.5	3.25	3.666666667	6	4.450396825	4.857142857	3.166666667	3.8	6.6	4.605952381
s018	self	Prac	19	17	e1	7	0	0	0	7	-98	157				1240	5	4.285714286	4.5	3.25	3.666666667	6	4.450396825	4.857142857	3.166666667	3.8	6.6	4.605952381
s018	self	Prac	20	18	e3	9	2	1	1	7	-196	-98				1240	5	4.285714286	4.5	3.25	3.666666667	6	4.450396825	4.857142857	3.166666667	3.8	6.6	4.605952381
s018	self	PostTest	1	0	N2	2	NA	NA	0	9	1192	NA				1240	5	4.285714286	4.5	3.25	3.666666667	6	4.450396825	4.857142857	3.166666667	3.8	6.6	4.605952381
s018	self	PostTest	2	1	P2	5	NA	NA	1	2	979	NA				1240	5	4.285714286	4.5	3.25	3.666666667	6	4.450396825	4.857142857	3.166666667	3.8	6.6	4.605952381
s018	self	PostTest	3	2	E2	8	NA	NA	1	5	-337	NA				1240	5	4.285714286	4.5	3.25	3.666666667	6	4.450396825	4.857142857	3.166666667	3.8	6.6	4.605952381
s019	self	Prac	1	-1	n1	1	NA	NA	NA	NA	873	NA				873	5.875	3.714285714	5.25	5	5.666666667	6	5.250992063	6.285714286	4.666666667	5.4	4	5.088095238
s019	self	Prac	2	0	n2	2	1	1	1	1	989	873				873	5.875	3.714285714	5.25	5	5.666666667	6	5.250992063	6.285714286	4.666666667	5.4	4	5.088095238
s019	self	Prac	3	1	n3	3	1	1	1	2	1322	989				873	5.875	3.714285714	5.25	5	5.666666667	6	5.250992063	6.285714286	4.666666667	5.4	4	5.088095238
s019	self	Prac	4	2	n3	3	0	0	0	3	1226	1322				873	5.875	3.714285714	5.25	5	5.666666667	6	5.250992063	6.285714286	4.666666667	5.4	4	5.088095238
s019	self	Prac	5	3	p1	4	1	1	1	3	415	1226				873	5.875	3.714285714	5.25	5	5.666666667	6	5.250992063	6.285714286	4.666666667	5.4	4	5.088095238
s019	self	Prac	6	4	n3	3	-1	1	0	4	1322	415				873	5.875	3.714285714	5.25	5	5.666666667	6	5.250992063	6.285714286	4.666666667	5.4	4	5.088095238
s019	self	Prac	7	5	n3	3	0	0	0	3	1223	1322				873	5.875	3.714285714	5.25	5	5.666666667	6	5.250992063	6.285714286	4.666666667	5.4	4	5.088095238
s019	self	Prac	8	6	n3	3	0	0	0	3	1312	1223				873	5.875	3.714285714	5.25	5	5.666666667	6	5.250992063	6.285714286	4.666666667	5.4	4	5.088095238
s019	self	Prac	9	7	n3	3	0	0	0	3	1212	1312				873	5.875	3.714285714	5.25	5	5.666666667	6	5.250992063	6.285714286	4.666666667	5.4	4	5.088095238
s019	self	Prac	10	8	p1	4	1	1	1	3	986	1212				873	5.875	3.714285714	5.25	5	5.666666667	6	5.250992063	6.285714286	4.666666667	5.4	4	5.088095238
s019	self	Prac	11	9	n3	3	-1	1	0	4	1425	986				873	5.875	3.714285714	5.25	5	5.666666667	6	5.250992063	6.285714286	4.666666667	5.4	4	5.088095238
s019	self	Prac	12	10	n3	3	0	0	0	3	1514	1425				873	5.875	3.714285714	5.25	5	5.666666667	6	5.250992063	6.285714286	4.666666667	5.4	4	5.088095238
s019	self	Prac	13	11	p1	4	1	1	1	3	1297	1514				873	5.875	3.714285714	5.25	5	5.666666667	6	5.250992063	6.285714286	4.666666667	5.4	4	5.088095238
s019	self	Prac	14	12	p1	4	0	0	0	4	399	1297				873	5.875	3.714285714	5.25	5	5.666666667	6	5.250992063	6.285714286	4.666666667	5.4	4	5.088095238
s019	self	Prac	15	13	n3	3	-1	1	0	4	1518	399				873	5.875	3.714285714	5.25	5	5.666666667	6	5.250992063	6.285714286	4.666666667	5.4	4	5.088095238
s019	self	Prac	16	14	n3	3	0	0	0	3	1487	1518				873	5.875	3.714285714	5.25	5	5.666666667	6	5.250992063	6.285714286	4.666666667	5.4	4	5.088095238
s019	self	Prac	17	15	n3	3	0	0	0	3	1507	1487				873	5.875	3.714285714	5.25	5	5.666666667	6	5.250992063	6.285714286	4.666666667	5.4	4	5.088095238
s019	self	Prac	18	16	n3	3	0	0	0	3	1003	1507				873	5.875	3.714285714	5.25	5	5.666666667	6	5.250992063	6.285714286	4.666666667	5.4	4	5.088095238
s019	self	Prac	19	17	p1	4	1	1	1	3	896	1003				873	5.875	3.714285714	5.25	5	5.666666667	6	5.250992063	6.285714286	4.666666667	5.4	4	5.088095238
s019	self	Prac	20	18	n3	3	-1	1	0	4	1623	896				873	5.875	3.714285714	5.25	5	5.666666667	6	5.250992063	6.285714286	4.666666667	5.4	4	5.088095238
s019	self	PostTest	1	0	N2	2	NA	NA	0	3	987	NA				873	5.875	3.714285714	5.25	5	5.666666667	6	5.250992063	6.285714286	4.666666667	5.4	4	5.088095238
s019	self	PostTest	2	1	P2	5	NA	NA	1	2	716	NA				873	5.875	3.714285714	5.25	5	5.666666667	6	5.250992063	6.285714286	4.666666667	5.4	4	5.088095238
s019	self	PostTest	3	2	E2	8	NA	NA	1	5	-168	NA				873	5.875	3.714285714	5.25	5	5.666666667	6	5.250992063	6.285714286	4.666666667	5.4	4	5.088095238
s020	self	Prac	1	-1	n1	1	NA	NA	NA	NA	874	NA				874	4.375	7	5.75	5.75	6.666666667	7	6.090277778	6.142857143	5.666666667	2.4	4.8	4.752380952
s020	self	Prac	2	0	n3	3	2	1	1	1	1531	874				874	4.375	7	5.75	5.75	6.666666667	7	6.090277778	6.142857143	5.666666667	2.4	4.8	4.752380952
s020	self	Prac	3	1	p1	4	1	1	1	3	1515	1531				874	4.375	7	5.75	5.75	6.666666667	7	6.090277778	6.142857143	5.666666667	2.4	4.8	4.752380952
s020	self	Prac	4	2	p2	5	1	1	1	4	1006	1515				874	4.375	7	5.75	5.75	6.666666667	7	6.090277778	6.142857143	5.666666667	2.4	4.8	4.752380952
s020	self	Prac	5	3	p3	6	1	1	1	5	1016	1006				874	4.375	7	5.75	5.75	6.666666667	7	6.090277778	6.142857143	5.666666667	2.4	4.8	4.752380952
s020	self	Prac	6	4	e1	7	1	1	1	6	173	1016				874	4.375	7	5.75	5.75	6.666666667	7	6.090277778	6.142857143	5.666666667	2.4	4.8	4.752380952
s020	self	Prac	7	5	p3	6	-1	1	0	7	1236	173				874	4.375	7	5.75	5.75	6.666666667	7	6.090277778	6.142857143	5.666666667	2.4	4.8	4.752380952
s020	self	Prac	8	6	p3	6	0	0	0	6	1338	1236				874	4.375	7	5.75	5.75	6.666666667	7	6.090277778	6.142857143	5.666666667	2.4	4.8	4.752380952
s020	self	Prac	9	7	p3	6	0	0	0	6	941	1338				874	4.375	7	5.75	5.75	6.666666667	7	6.090277778	6.142857143	5.666666667	2.4	4.8	4.752380952
s020	self	Prac	10	8	e1	7	1	1	1	6	406	941				874	4.375	7	5.75	5.75	6.666666667	7	6.090277778	6.142857143	5.666666667	2.4	4.8	4.752380952
s020	self	Prac	11	9	e1	7	0	0	0	7	584	406				874	4.375	7	5.75	5.75	6.666666667	7	6.090277778	6.142857143	5.666666667	2.4	4.8	4.752380952
s020	self	Prac	12	10	e1	7	0	0	0	7	177	584				874	4.375	7	5.75	5.75	6.666666667	7	6.090277778	6.142857143	5.666666667	2.4	4.8	4.752380952
s020	self	Prac	13	11	p3	6	-1	1	0	7	1134	177				874	4.375	7	5.75	5.75	6.666666667	7	6.090277778	6.142857143	5.666666667	2.4	4.8	4.752380952
s020	self	Prac	14	12	p3	6	0	0	0	6	1136	1134				874	4.375	7	5.75	5.75	6.666666667	7	6.090277778	6.142857143	5.666666667	2.4	4.8	4.752380952
s020	self	Prac	15	13	e1	7	1	1	1	6	699	1136				874	4.375	7	5.75	5.75	6.666666667	7	6.090277778	6.142857143	5.666666667	2.4	4.8	4.752380952
s020	self	Prac	16	14	e1	7	0	0	0	7	1061	699				874	4.375	7	5.75	5.75	6.666666667	7	6.090277778	6.142857143	5.666666667	2.4	4.8	4.752380952
s020	self	Prac	17	15	e1	7	0	0	0	7	695	1061				874	4.375	7	5.75	5.75	6.666666667	7	6.090277778	6.142857143	5.666666667	2.4	4.8	4.752380952
s020	self	Prac	18	16	e1	7	0	0	0	7	872	695				874	4.375	7	5.75	5.75	6.666666667	7	6.090277778	6.142857143	5.666666667	2.4	4.8	4.752380952
s020	self	Prac	19	17	e1	7	0	0	0	7	779	872				874	4.375	7	5.75	5.75	6.666666667	7	6.090277778	6.142857143	5.666666667	2.4	4.8	4.752380952
s020	self	Prac	20	18	e1	7	0	0	0	7	702	779				874	4.375	7	5.75	5.75	6.666666667	7	6.090277778	6.142857143	5.666666667	2.4	4.8	4.752380952
s020	self	PostTest	1	0	N2	2	NA	NA	0	7	1309	NA				874	4.375	7	5.75	5.75	6.666666667	7	6.090277778	6.142857143	5.666666667	2.4	4.8	4.752380952
s020	self	PostTest	2	1	P2	5	NA	NA	1	2	1511	NA				874	4.375	7	5.75	5.75	6.666666667	7	6.090277778	6.142857143	5.666666667	2.4	4.8	4.752380952
s021	self	PostTest	3	2	E2	8	NA	NA	1	5	333	NA				874	4.125	5.142857143	3	4	3.333333333	5.333333333	4.155753968	4.571428571	4.5	6	3.6	4.667857143
s021	self	Prac	1	-1	n1	1	NA	NA	NA	NA	1271	NA				1271	4.125	5.142857143	3	4	3.333333333	5.333333333	4.155753968	4.571428571	4.5	6	3.6	4.667857143
s021	self	Prac	2	0	p1	4	3	1	1	1	1302	1271				1271	4.125	5.142857143	3	4	3.333333333	5.333333333	4.155753968	4.571428571	4.5	6	3.6	4.667857143
s021	self	Prac	3	1	p2	5	1	1	1	4	1107	1302				1271	4.125	5.142857143	3	4	3.333333333	5.333333333	4.155753968	4.571428571	4.5	6	3.6	4.667857143
s021	self	Prac	4	2	p2	5	0	0	0	5	1604	1107				1271	4.125	5.142857143	3	4	3.333333333	5.333333333	4.155753968	4.571428571	4.5	6	3.6	4.667857143
s021	self	Prac	5	3	p3	6	1	1	1	5	1414	1604				1271	4.125	5.142857143	3	4	3.333333333	5.333333333	4.155753968	4.571428571	4.5	6	3.6	4.667857143
s021	self	Prac	6	4	e1	7	1	1	1	6	-3	1414				1271	4.125	5.142857143	3	4	3.333333333	5.333333333	4.155753968	4.571428571	4.5	6	3.6	4.667857143
s021	self	Prac	7	5	e1	7	0	0	0	7	283	-3				1271	4.125	5.142857143	3	4	3.333333333	5.333333333	4.155753968	4.571428571	4.5	6	3.6	4.667857143
s021	self	Prac	8	6	e1	7	0	0	0	7	566	283				1271	4.125	5.142857143	3	4	3.333333333	5.333333333	4.155753968	4.571428571	4.5	6	3.6	4.667857143
s021	self	Prac	9	7	e1	7	0	0	0	7	283	566				1271	4.125	5.142857143	3	4	3.333333333	5.333333333	4.155753968	4.571428571	4.5	6	3.6	4.667857143
s021	self	Prac	10	8	e2	8	1	1	1	7	616	283				1271	4.125	5.142857143	3	4	3.333333333	5.333333333	4.155753968	4.571428571	4.5	6	3.6	4.667857143
s021	self	Prac	11	9	e3	9	1	1	1	8	252	616				1271	4.125	5.142857143	3	4	3.333333333	5.333333333	4.155753968	4.571428571	4.5	6	3.6	4.667857143
s021	self	Prac	12	10	e3	9	0	0	0	9	296	252				1271	4.125	5.142857143	3	4	3.333333333	5.333333333	4.155753968	4.571428571	4.5	6	3.6	4.667857143
s021	self	Prac	13	11	e2	8	-1	1	0	9	-71	296				1271	4.125	5.142857143	3	4	3.333333333	5.333333333	4.155753968	4.571428571	4.5	6	3.6	4.667857143
s021	self	Prac	14	12	e1	7	-1	1	0	8	379	-71				1271	4.125	5.142857143	3	4	3.333333333	5.333333333	4.155753968	4.571428571	4.5	6	3.6	4.667857143
s021	self	Prac	15	13	p3	6	-1	1	0	7	1419	379				1271	4.125	5.142857143	3	4	3.333333333	5.333333333	4.155753968	4.571428571	4.5	6	3.6	4.667857143
s021	self	Prac	16	14	e1	7	1	1	1	6	710	1419				1271	4.125	5.142857143	3	4	3.333333333	5.333333333	4.155753968	4.571428571	4.5	6	3.6	4.667857143
s021	self	Prac	17	15	e1	7	0	0	0	7	841	710				1271	4.125	5.142857143	3	4	3.333333333	5.333333333	4.155753968	4.571428571	4.5	6	3.6	4.667857143
s021	self	Prac	18	16	e2	8	1	1	1	7	184	841				1271	4.125	5.142857143	3	4	3.333333333	5.333333333	4.155753968	4.571428571	4.5	6	3.6	4.667857143
s021	self	Prac	19	17	e2	8	0	0	0	8	326	184				1271	4.125	5.142857143	3	4	3.333333333	5.333333333	4.155753968	4.571428571	4.5	6	3.6	4.667857143
s021	self	Prac	20	18	e3	9	1	1	1	8	153	326				1271	4.125	5.142857143	3	4	3.333333333	5.333333333	4.155753968	4.571428571	4.5	6	3.6	4.667857143
s021	self	PostTest	1	0	N2	2	NA	NA	0	9	1616	NA				1271	4.125	5.142857143	3	4	3.333333333	5.333333333	4.155753968	4.571428571	4.5	6	3.6	4.667857143
s021	self	PostTest	2	1	P2	5	NA	NA	1	2	1507	NA				1271	4.125	5.142857143	3	4	3.333333333	5.333333333	4.155753968	4.571428571	4.5	6	3.6	4.667857143
s021	self	PostTest	3	2	E2	8	NA	NA	1	5	559	NA				1271	4.125	5.142857143	3	4	3.333333333	5.333333333	4.155753968	4.571428571	4.5	6	3.6	4.667857143
s022	self	Prac	1	-1	n1	1	NA	NA	NA	NA	969	NA				969	3.25	3	2.75	3.5	3.666666667	6	3.694444444	4.428571429	4.333333333	6.4	3.4	4.64047619
s022	self	Prac	2	0	n2	2	1	1	1	1	1399	969				969	3.25	3	2.75	3.5	3.666666667	6	3.694444444	4.428571429	4.333333333	6.4	3.4	4.64047619
s022	self	Prac	3	1	n3	3	1	1	1	2	1216	1399				969	3.25	3	2.75	3.5	3.666666667	6	3.694444444	4.428571429	4.333333333	6.4	3.4	4.64047619
s022	self	Prac	4	2	p1	4	1	1	1	3	714	1216				969	3.25	3	2.75	3.5	3.666666667	6	3.694444444	4.428571429	4.333333333	6.4	3.4	4.64047619
s022	self	Prac	5	3	p1	4	0	0	0	4	698	714				969	3.25	3	2.75	3.5	3.666666667	6	3.694444444	4.428571429	4.333333333	6.4	3.4	4.64047619
s022	self	Prac	6	4	p1	4	0	0	0	4	1297	698				969	3.25	3	2.75	3.5	3.666666667	6	3.694444444	4.428571429	4.333333333	6.4	3.4	4.64047619
s022	self	Prac	7	5	p2	5	1	1	1	4	1024	1297				969	3.25	3	2.75	3.5	3.666666667	6	3.694444444	4.428571429	4.333333333	6.4	3.4	4.64047619
s022	self	Prac	8	6	p3	6	1	1	1	5	903	1024				969	3.25	3	2.75	3.5	3.666666667	6	3.694444444	4.428571429	4.333333333	6.4	3.4	4.64047619
s022	self	Prac	9	7	p3	6	0	0	0	6	918	903				969	3.25	3	2.75	3.5	3.666666667	6	3.694444444	4.428571429	4.333333333	6.4	3.4	4.64047619
s022	self	Prac	10	8	p3	6	0	0	0	6	1025	918				969	3.25	3	2.75	3.5	3.666666667	6	3.694444444	4.428571429	4.333333333	6.4	3.4	4.64047619
s022	self	Prac	11	9	e1	7	1	1	1	6	-18	1025				969	3.25	3	2.75	3.5	3.666666667	6	3.694444444	4.428571429	4.333333333	6.4	3.4	4.64047619
s022	self	Prac	12	10	e1	7	0	0	0	7	-49	-18				969	3.25	3	2.75	3.5	3.666666667	6	3.694444444	4.428571429	4.333333333	6.4	3.4	4.64047619
s022	self	Prac	13	11	e1	7	0	0	0	7	451	-49				969	3.25	3	2.75	3.5	3.666666667	6	3.694444444	4.428571429	4.333333333	6.4	3.4	4.64047619
s022	self	Prac	14	12	e1	7	0	0	0	7	702	451				969	3.25	3	2.75	3.5	3.666666667	6	3.694444444	4.428571429	4.333333333	6.4	3.4	4.64047619
s022	self	Prac	15	13	e1	7	0	0	0	7	645	702				969	3.25	3	2.75	3.5	3.666666667	6	3.694444444	4.428571429	4.333333333	6.4	3.4	4.64047619
s022	self	Prac	16	14	e2	8	1	1	1	7	356	645				969	3.25	3	2.75	3.5	3.666666667	6	3.694444444	4.428571429	4.333333333	6.4	3.4	4.64047619
s022	self	Prac	17	15	e2	8	0	0	0	8	-161	356				969	3.25	3	2.75	3.5	3.666666667	6	3.694444444	4.428571429	4.333333333	6.4	3.4	4.64047619
s022	self	Prac	18	16	e2	8	0	0	0	8	136	-161				969	3.25	3	2.75	3.5	3.666666667	6	3.694444444	4.428571429	4.333333333	6.4	3.4	4.64047619
s022	self	Prac	19	17	e2	8	0	0	0	8	359	136				969	3.25	3	2.75	3.5	3.666666667	6	3.694444444	4.428571429	4.333333333	6.4	3.4	4.64047619
s022	self	Prac	20	18	e3	9	1	1	1	8	68	359				969	3.25	3	2.75	3.5	3.666666667	6	3.694444444	4.428571429	4.333333333	6.4	3.4	4.64047619
s022	self	PostTest	1	0	N2	2	NA	NA	0	9	1810	NA				969	3.25	3	2.75	3.5	3.666666667	6	3.694444444	4.428571429	4.333333333	6.4	3.4	4.64047619
s022	self	PostTest	2	1	P2	5	NA	NA	1	2	1203	NA				969	3.25	3	2.75	3.5	3.666666667	6	3.694444444	4.428571429	4.333333333	6.4	3.4	4.64047619
s022	self	PostTest	3	2	E2	8	NA	NA	1	5	-141	NA				969	3.25	3	2.75	3.5	3.666666667	6	3.694444444	4.428571429	4.333333333	6.4	3.4	4.64047619
s023	self	Prac	1	-1	n1	1	NA	NA	NA	NA	1346	NA				1346	6	4.714285714	5.5	5.5	5.666666667	6.666666667	5.674603175	6.428571429	6.5	7	3	5.732142857
s023	self	Prac	2	0	p1	4	3	1	1	1	1062	1346				1346	6	4.714285714	5.5	5.5	5.666666667	6.666666667	5.674603175	6.428571429	6.5	7	3	5.732142857
s023	self	Prac	3	1	e3	9	5	1	1	4	-320	1062				1346	6	4.714285714	5.5	5.5	5.666666667	6.666666667	5.674603175	6.428571429	6.5	7	3	5.732142857
s023	self	Prac	4	2	e2	8	-1	1	0	9	-26	-320				1346	6	4.714285714	5.5	5.5	5.666666667	6.666666667	5.674603175	6.428571429	6.5	7	3	5.732142857
s023	self	Prac	5	3	e1	7	-1	1	0	8	161	-26				1346	6	4.714285714	5.5	5.5	5.666666667	6.666666667	5.674603175	6.428571429	6.5	7	3	5.732142857
s023	self	Prac	6	4	e2	8	1	1	1	7	-84	161				1346	6	4.714285714	5.5	5.5	5.666666667	6.666666667	5.674603175	6.428571429	6.5	7	3	5.732142857
s023	self	Prac	7	5	e2	8	0	0	0	8	372	-84				1346	6	4.714285714	5.5	5.5	5.666666667	6.666666667	5.674603175	6.428571429	6.5	7	3	5.732142857
s023	self	Prac	8	6	e3	9	1	1	1	8	294	372				1346	6	4.714285714	5.5	5.5	5.666666667	6.666666667	5.674603175	6.428571429	6.5	7	3	5.732142857
s023	self	Prac	9	7	e3	9	0	0	0	9	89	294				1346	6	4.714285714	5.5	5.5	5.666666667	6.666666667	5.674603175	6.428571429	6.5	7	3	5.732142857
s023	self	Prac	10	8	p1	4	-5	1	0	9	1086	89				1346	6	4.714285714	5.5	5.5	5.666666667	6.666666667	5.674603175	6.428571429	6.5	7	3	5.732142857
s023	self	Prac	11	9	p1	4	0	0	0	4	989	1086				1346	6	4.714285714	5.5	5.5	5.666666667	6.666666667	5.674603175	6.428571429	6.5	7	3	5.732142857
s023	self	Prac	12	10	n3	3	-1	1	0	4	1326	989				1346	6	4.714285714	5.5	5.5	5.666666667	6.666666667	5.674603175	6.428571429	6.5	7	3	5.732142857
s023	self	Prac	13	11	p2	5	2	1	1	3	1524	1326				1346	6	4.714285714	5.5	5.5	5.666666667	6.666666667	5.674603175	6.428571429	6.5	7	3	5.732142857
s023	self	Prac	14	12	p3	6	1	1	1	5	1227	1524				1346	6	4.714285714	5.5	5.5	5.666666667	6.666666667	5.674603175	6.428571429	6.5	7	3	5.732142857
s023	self	Prac	15	13	e1	7	1	1	1	6	395	1227				1346	6	4.714285714	5.5	5.5	5.666666667	6.666666667	5.674603175	6.428571429	6.5	7	3	5.732142857
s023	self	Prac	16	14	e1	7	0	0	0	7	288	395				1346	6	4.714285714	5.5	5.5	5.666666667	6.666666667	5.674603175	6.428571429	6.5	7	3	5.732142857
s023	self	Prac	17	15	e1	7	0	0	0	7	498	288				1346	6	4.714285714	5.5	5.5	5.666666667	6.666666667	5.674603175	6.428571429	6.5	7	3	5.732142857
s023	self	Prac	18	16	e1	7	0	0	0	7	725	498				1346	6	4.714285714	5.5	5.5	5.666666667	6.666666667	5.674603175	6.428571429	6.5	7	3	5.732142857
s023	self	Prac	19	17	e3	9	2	1	1	7	-135	725				1346	6	4.714285714	5.5	5.5	5.666666667	6.666666667	5.674603175	6.428571429	6.5	7	3	5.732142857
s023	self	Prac	20	18	e3	9	0	0	0	9	41	-135				1346	6	4.714285714	5.5	5.5	5.666666667	6.666666667	5.674603175	6.428571429	6.5	7	3	5.732142857
s023	self	PostTest	1	0	N2	2	NA	NA	0	9	1815	NA				1346	6	4.714285714	5.5	5.5	5.666666667	6.666666667	5.674603175	6.428571429	6.5	7	3	5.732142857
s023	self	PostTest	2	1	P2	5	NA	NA	1	2	1338	NA				1346	6	4.714285714	5.5	5.5	5.666666667	6.666666667	5.674603175	6.428571429	6.5	7	3	5.732142857
s023	self	PostTest	3	2	E2	8	NA	NA	1	5	505	NA				1346	6	4.714285714	5.5	5.5	5.666666667	6.666666667	5.674603175	6.428571429	6.5	7	3	5.732142857
s024	self	Prac	1	-1	n1	1	NA	NA	NA	NA	749	NA				749	4.875	3.571428571	3.5	4.5	4	5.666666667	4.35218254	5.285714286	5.166666667	6.4	5.2	5.513095238
s024	self	Prac	2	0	p1	4	3	1	1	1	689	749				749	4.875	3.571428571	3.5	4.5	4	5.666666667	4.35218254	5.285714286	5.166666667	6.4	5.2	5.513095238
s024	self	Prac	3	1	e1	7	3	1	1	4	-23	689				749	4.875	3.571428571	3.5	4.5	4	5.666666667	4.35218254	5.285714286	5.166666667	6.4	5.2	5.513095238
s024	self	Prac	4	2	p2	5	-2	1	0	7	1408	-23				749	4.875	3.571428571	3.5	4.5	4	5.666666667	4.35218254	5.285714286	5.166666667	6.4	5.2	5.513095238
s024	self	Prac	5	3	p3	6	1	1	1	5	1033	1408				749	4.875	3.571428571	3.5	4.5	4	5.666666667	4.35218254	5.285714286	5.166666667	6.4	5.2	5.513095238
s024	self	Prac	6	4	e1	7	1	1	1	6	248	1033				749	4.875	3.571428571	3.5	4.5	4	5.666666667	4.35218254	5.285714286	5.166666667	6.4	5.2	5.513095238
s024	self	Prac	7	5	e1	7	0	0	0	7	468	248				749	4.875	3.571428571	3.5	4.5	4	5.666666667	4.35218254	5.285714286	5.166666667	6.4	5.2	5.513095238
s024	self	Prac	8	6	p3	6	-1	1	0	7	1221	468				749	4.875	3.571428571	3.5	4.5	4	5.666666667	4.35218254	5.285714286	5.166666667	6.4	5.2	5.513095238
s024	self	Prac	9	7	e1	7	1	1	1	6	525	1221				749	4.875	3.571428571	3.5	4.5	4	5.666666667	4.35218254	5.285714286	5.166666667	6.4	5.2	5.513095238
s024	self	Prac	10	8	e1	7	0	0	0	7	763	525				749	4.875	3.571428571	3.5	4.5	4	5.666666667	4.35218254	5.285714286	5.166666667	6.4	5.2	5.513095238
s024	self	Prac	11	9	e2	8	1	1	1	7	372	763				749	4.875	3.571428571	3.5	4.5	4	5.666666667	4.35218254	5.285714286	5.166666667	6.4	5.2	5.513095238
s024	self	Prac	12	10	e2	8	0	0	0	8	479	372				749	4.875	3.571428571	3.5	4.5	4	5.666666667	4.35218254	5.285714286	5.166666667	6.4	5.2	5.513095238
s024	self	Prac	13	11	e2	8	0	0	0	8	556	479				749	4.875	3.571428571	3.5	4.5	4	5.666666667	4.35218254	5.285714286	5.166666667	6.4	5.2	5.513095238
s024	self	Prac	14	12	e3	9	1	1	1	8	342	556				749	4.875	3.571428571	3.5	4.5	4	5.666666667	4.35218254	5.285714286	5.166666667	6.4	5.2	5.513095238
s024	self	Prac	15	13	e3	9	0	0	0	9	338	342				749	4.875	3.571428571	3.5	4.5	4	5.666666667	4.35218254	5.285714286	5.166666667	6.4	5.2	5.513095238
s024	self	Prac	16	14	e3	9	0	0	0	9	491	338				749	4.875	3.571428571	3.5	4.5	4	5.666666667	4.35218254	5.285714286	5.166666667	6.4	5.2	5.513095238
s024	self	Prac	17	15	e3	9	0	0	0	9	523	491				749	4.875	3.571428571	3.5	4.5	4	5.666666667	4.35218254	5.285714286	5.166666667	6.4	5.2	5.513095238
s024	self	Prac	18	16	e3	9	0	0	0	9	413	523				749	4.875	3.571428571	3.5	4.5	4	5.666666667	4.35218254	5.285714286	5.166666667	6.4	5.2	5.513095238
s024	self	Prac	19	17	e3	9	0	0	0	9	151	413				749	4.875	3.571428571	3.5	4.5	4	5.666666667	4.35218254	5.285714286	5.166666667	6.4	5.2	5.513095238
s024	self	Prac	20	18	p1	4	-5	1	0	9	1126	151				749	4.875	3.571428571	3.5	4.5	4	5.666666667	4.35218254	5.285714286	5.166666667	6.4	5.2	5.513095238
s024	self	PostTest	1	0	N2	2	NA	NA	0	4	1610	NA				749	4.875	3.571428571	3.5	4.5	4	5.666666667	4.35218254	5.285714286	5.166666667	6.4	5.2	5.513095238
s024	self	PostTest	2	1	P2	5	NA	NA	1	2	1507	NA				749	4.875	3.571428571	3.5	4.5	4	5.666666667	4.35218254	5.285714286	5.166666667	6.4	5.2	5.513095238
s024	self	PostTest	3	2	E2	8	NA	NA	1	5	186	NA				749	4.875	3.571428571	3.5	4.5	4	5.666666667	4.35218254	5.285714286	5.166666667	6.4	5.2	5.513095238
s025	self	Prac	1	-1	n1	1	NA	NA	NA	NA	856	NA				856	3.875	4.857142857	6	4.25	4.666666667	5.666666667	4.885912698	4.857142857	5.833333333	6.2	4.6	5.372619048
s025	self	Prac	2	0	n2	2	1	1	1	1	1005	856				856	3.875	4.857142857	6	4.25	4.666666667	5.666666667	4.885912698	4.857142857	5.833333333	6.2	4.6	5.372619048
s025	self	Prac	3	1	n2	2	0	0	0	2	1726	1005				856	3.875	4.857142857	6	4.25	4.666666667	5.666666667	4.885912698	4.857142857	5.833333333	6.2	4.6	5.372619048
s025	self	Prac	4	2	n3	3	1	1	1	2	1120	1726				856	3.875	4.857142857	6	4.25	4.666666667	5.666666667	4.885912698	4.857142857	5.833333333	6.2	4.6	5.372619048
s025	self	Prac	5	3	p1	4	1	1	1	3	482	1120				856	3.875	4.857142857	6	4.25	4.666666667	5.666666667	4.885912698	4.857142857	5.833333333	6.2	4.6	5.372619048
s025	self	Prac	6	4	p1	4	0	0	0	4	1001	482				856	3.875	4.857142857	6	4.25	4.666666667	5.666666667	4.885912698	4.857142857	5.833333333	6.2	4.6	5.372619048
s025	self	Prac	7	5	p2	5	1	1	1	4	522	1001				856	3.875	4.857142857	6	4.25	4.666666667	5.666666667	4.885912698	4.857142857	5.833333333	6.2	4.6	5.372619048
s025	self	Prac	8	6	p2	5	0	0	0	5	627	522				856	3.875	4.857142857	6	4.25	4.666666667	5.666666667	4.885912698	4.857142857	5.833333333	6.2	4.6	5.372619048
s025	self	Prac	9	7	p2	5	0	0	0	5	435	627				856	3.875	4.857142857	6	4.25	4.666666667	5.666666667	4.885912698	4.857142857	5.833333333	6.2	4.6	5.372619048
s025	self	Prac	10	8	p2	5	0	0	0	5	1213	435				856	3.875	4.857142857	6	4.25	4.666666667	5.666666667	4.885912698	4.857142857	5.833333333	6.2	4.6	5.372619048
s025	self	Prac	11	9	p3	6	1	1	1	5	637	1213				856	3.875	4.857142857	6	4.25	4.666666667	5.666666667	4.885912698	4.857142857	5.833333333	6.2	4.6	5.372619048
s025	self	Prac	12	10	p3	6	0	0	0	6	933	637				856	3.875	4.857142857	6	4.25	4.666666667	5.666666667	4.885912698	4.857142857	5.833333333	6.2	4.6	5.372619048
s025	self	Prac	13	11	e1	7	1	1	1	6	-76	933				856	3.875	4.857142857	6	4.25	4.666666667	5.666666667	4.885912698	4.857142857	5.833333333	6.2	4.6	5.372619048
s025	self	Prac	14	12	e1	7	0	0	0	7	-303	-76				856	3.875	4.857142857	6	4.25	4.666666667	5.666666667	4.885912698	4.857142857	5.833333333	6.2	4.6	5.372619048
s025	self	Prac	15	13	p3	6	-1	1	0	7	635	-303				856	3.875	4.857142857	6	4.25	4.666666667	5.666666667	4.885912698	4.857142857	5.833333333	6.2	4.6	5.372619048
s025	self	Prac	16	14	p3	6	0	0	0	6	1001	635				856	3.875	4.857142857	6	4.25	4.666666667	5.666666667	4.885912698	4.857142857	5.833333333	6.2	4.6	5.372619048
s025	self	Prac	17	15	e1	7	1	1	1	6	402	1001				856	3.875	4.857142857	6	4.25	4.666666667	5.666666667	4.885912698	4.857142857	5.833333333	6.2	4.6	5.372619048
s025	self	Prac	18	16	e1	7	0	0	0	7	338	402				856	3.875	4.857142857	6	4.25	4.666666667	5.666666667	4.885912698	4.857142857	5.833333333	6.2	4.6	5.372619048
s025	self	Prac	19	17	e1	7	0	0	0	7	157	338				856	3.875	4.857142857	6	4.25	4.666666667	5.666666667	4.885912698	4.857142857	5.833333333	6.2	4.6	5.372619048
s025	self	Prac	20	18	e1	7	0	0	0	7	371	157				856	3.875	4.857142857	6	4.25	4.666666667	5.666666667	4.885912698	4.857142857	5.833333333	6.2	4.6	5.372619048
s025	self	PostTest	1	0	N2	2	NA	NA	0	7	1618	NA				856	3.875	4.857142857	6	4.25	4.666666667	5.666666667	4.885912698	4.857142857	5.833333333	6.2	4.6	5.372619048
s025	self	PostTest	2	1	P2	5	NA	NA	1	2	637	NA				856	3.875	4.857142857	6	4.25	4.666666667	5.666666667	4.885912698	4.857142857	5.833333333	6.2	4.6	5.372619048
s025	self	PostTest	3	2	E2	8	NA	NA	1	5	50	NA				856	3.875	4.857142857	6	4.25	4.666666667	5.666666667	4.885912698	4.857142857	5.833333333	6.2	4.6	5.372619048
s026	self	Prac	1	-1	n1	1	NA	NA	NA	NA	1363	NA				1363	5.25	3.714285714	5.25	5.25	5.666666667	5.666666667	5.132936508	5.285714286	4.333333333	4.2	6.6	5.104761905
s026	self	Prac	2	0	n2	2	1	1	1	1	1606	1363				1363	5.25	3.714285714	5.25	5.25	5.666666667	5.666666667	5.132936508	5.285714286	4.333333333	4.2	6.6	5.104761905
s026	self	Prac	3	1	n3	3	1	1	1	2	1226	1606				1363	5.25	3.714285714	5.25	5.25	5.666666667	5.666666667	5.132936508	5.285714286	4.333333333	4.2	6.6	5.104761905
s026	self	Prac	4	2	p1	4	1	1	1	3	890	1226				1363	5.25	3.714285714	5.25	5.25	5.666666667	5.666666667	5.132936508	5.285714286	4.333333333	4.2	6.6	5.104761905
s026	self	Prac	5	3	p1	4	0	0	0	4	775	890				1363	5.25	3.714285714	5.25	5.25	5.666666667	5.666666667	5.132936508	5.285714286	4.333333333	4.2	6.6	5.104761905
s026	self	Prac	6	4	p2	5	1	1	1	4	823	775				1363	5.25	3.714285714	5.25	5.25	5.666666667	5.666666667	5.132936508	5.285714286	4.333333333	4.2	6.6	5.104761905
s026	self	Prac	7	5	p2	5	0	0	0	5	910	823				1363	5.25	3.714285714	5.25	5.25	5.666666667	5.666666667	5.132936508	5.285714286	4.333333333	4.2	6.6	5.104761905
s026	self	Prac	8	6	p3	6	1	1	1	5	931	910				1363	5.25	3.714285714	5.25	5.25	5.666666667	5.666666667	5.132936508	5.285714286	4.333333333	4.2	6.6	5.104761905
s026	self	Prac	9	7	p3	6	0	0	0	6	540	931				1363	5.25	3.714285714	5.25	5.25	5.666666667	5.666666667	5.132936508	5.285714286	4.333333333	4.2	6.6	5.104761905
s026	self	Prac	10	8	p3	6	0	0	0	6	662	540				1363	5.25	3.714285714	5.25	5.25	5.666666667	5.666666667	5.132936508	5.285714286	4.333333333	4.2	6.6	5.104761905
s026	self	Prac	11	9	e1	7	1	1	1	6	381	662				1363	5.25	3.714285714	5.25	5.25	5.666666667	5.666666667	5.132936508	5.285714286	4.333333333	4.2	6.6	5.104761905
s026	self	Prac	12	10	e1	7	0	0	0	7	149	381				1363	5.25	3.714285714	5.25	5.25	5.666666667	5.666666667	5.132936508	5.285714286	4.333333333	4.2	6.6	5.104761905
s026	self	Prac	13	11	p2	5	-2	1	0	7	1297	149				1363	5.25	3.714285714	5.25	5.25	5.666666667	5.666666667	5.132936508	5.285714286	4.333333333	4.2	6.6	5.104761905
s026	self	Prac	14	12	p3	6	1	1	1	5	1018	1297				1363	5.25	3.714285714	5.25	5.25	5.666666667	5.666666667	5.132936508	5.285714286	4.333333333	4.2	6.6	5.104761905
s026	self	Prac	15	13	p3	6	0	0	0	6	1108	1018				1363	5.25	3.714285714	5.25	5.25	5.666666667	5.666666667	5.132936508	5.285714286	4.333333333	4.2	6.6	5.104761905
s026	self	Prac	16	14	e1	7	1	1	1	6	285	1108				1363	5.25	3.714285714	5.25	5.25	5.666666667	5.666666667	5.132936508	5.285714286	4.333333333	4.2	6.6	5.104761905
s026	self	Prac	17	15	e1	7	0	0	0	7	554	285				1363	5.25	3.714285714	5.25	5.25	5.666666667	5.666666667	5.132936508	5.285714286	4.333333333	4.2	6.6	5.104761905
s026	self	Prac	18	16	e1	7	0	0	0	7	496	554				1363	5.25	3.714285714	5.25	5.25	5.666666667	5.666666667	5.132936508	5.285714286	4.333333333	4.2	6.6	5.104761905
s026	self	Prac	19	17	e2	8	1	1	1	7	113	496				1363	5.25	3.714285714	5.25	5.25	5.666666667	5.666666667	5.132936508	5.285714286	4.333333333	4.2	6.6	5.104761905
s026	self	Prac	20	18	e3	9	1	1	1	8	178	113				1363	5.25	3.714285714	5.25	5.25	5.666666667	5.666666667	5.132936508	5.285714286	4.333333333	4.2	6.6	5.104761905
s026	self	PostTest	1	0	N2	2	NA	NA	0	9	1613	NA				1363	5.25	3.714285714	5.25	5.25	5.666666667	5.666666667	5.132936508	5.285714286	4.333333333	4.2	6.6	5.104761905
s026	self	PostTest	2	1	P2	5	NA	NA	1	2	1418	NA				1363	5.25	3.714285714	5.25	5.25	5.666666667	5.666666667	5.132936508	5.285714286	4.333333333	4.2	6.6	5.104761905
s026	self	PostTest	3	2	E2	8	NA	NA	1	5	420	NA				1363	5.25	3.714285714	5.25	5.25	5.666666667	5.666666667	5.132936508	5.285714286	4.333333333	4.2	6.6	5.104761905
s027	self	Prac	1	-1	n1	1	NA	NA	NA	NA	1351	NA				1351	2	6.428571429	2	1.5	1.333333333	1.666666667	2.488095238	1	1	3	7	3
s027	self	Prac	2	0	n2	2	1	1	1	1	1193	1351				1351	2	6.428571429	2	1.5	1.333333333	1.666666667	2.488095238	1	1	3	7	3
s027	self	Prac	3	1	n3	3	1	1	1	2	1414	1193				1351	2	6.428571429	2	1.5	1.333333333	1.666666667	2.488095238	1	1	3	7	3
s027	self	Prac	4	2	p1	4	1	1	1	3	1382	1414				1351	2	6.428571429	2	1.5	1.333333333	1.666666667	2.488095238	1	1	3	7	3
s027	self	Prac	5	3	p2	5	1	1	1	4	1214	1382				1351	2	6.428571429	2	1.5	1.333333333	1.666666667	2.488095238	1	1	3	7	3
s027	self	Prac	6	4	p3	6	1	1	1	5	924	1214				1351	2	6.428571429	2	1.5	1.333333333	1.666666667	2.488095238	1	1	3	7	3
s027	self	Prac	7	5	e1	7	1	1	1	6	251	924				1351	2	6.428571429	2	1.5	1.333333333	1.666666667	2.488095238	1	1	3	7	3
s027	self	Prac	8	6	e2	8	1	1	1	7	273	251				1351	2	6.428571429	2	1.5	1.333333333	1.666666667	2.488095238	1	1	3	7	3
s027	self	Prac	9	7	e3	9	1	1	1	8	166	273				1351	2	6.428571429	2	1.5	1.333333333	1.666666667	2.488095238	1	1	3	7	3
s027	self	Prac	10	8	e3	9	0	0	0	9	40	166				1351	2	6.428571429	2	1.5	1.333333333	1.666666667	2.488095238	1	1	3	7	3
s027	self	Prac	11	9	e3	9	0	0	0	9	153	40				1351	2	6.428571429	2	1.5	1.333333333	1.666666667	2.488095238	1	1	3	7	3
s027	self	Prac	12	10	e3	9	0	0	0	9	285	153				1351	2	6.428571429	2	1.5	1.333333333	1.666666667	2.488095238	1	1	3	7	3
s027	self	Prac	13	11	e3	9	0	0	0	9	80	285				1351	2	6.428571429	2	1.5	1.333333333	1.666666667	2.488095238	1	1	3	7	3
s027	self	Prac	14	12	e3	9	0	0	0	9	-9	80				1351	2	6.428571429	2	1.5	1.333333333	1.666666667	2.488095238	1	1	3	7	3
s027	self	Prac	15	13	e3	9	0	0	0	9	-225	-9				1351	2	6.428571429	2	1.5	1.333333333	1.666666667	2.488095238	1	1	3	7	3
s027	self	Prac	16	14	e3	9	0	0	0	9	-209	-225				1351	2	6.428571429	2	1.5	1.333333333	1.666666667	2.488095238	1	1	3	7	3
s027	self	Prac	17	15	e3	9	0	0	0	9	174	-209				1351	2	6.428571429	2	1.5	1.333333333	1.666666667	2.488095238	1	1	3	7	3
s027	self	Prac	18	16	e3	9	0	0	0	9	-85	174				1351	2	6.428571429	2	1.5	1.333333333	1.666666667	2.488095238	1	1	3	7	3
s027	self	Prac	19	17	e3	9	0	0	0	9	74	-85				1351	2	6.428571429	2	1.5	1.333333333	1.666666667	2.488095238	1	1	3	7	3
s027	self	Prac	20	18	e3	9	0	0	0	9	154	74				1351	2	6.428571429	2	1.5	1.333333333	1.666666667	2.488095238	1	1	3	7	3
s027	self	PostTest	1	0	N2	2	NA	NA	0	9	1704	NA				1351	2	6.428571429	2	1.5	1.333333333	1.666666667	2.488095238	1	1	3	7	3
s027	self	PostTest	2	1	P2	5	NA	NA	1	2	1321	NA				1351	2	6.428571429	2	1.5	1.333333333	1.666666667	2.488095238	1	1	3	7	3
s027	self	PostTest	3	2	E2	8	NA	NA	1	5	-111	NA				1351	2	6.428571429	2	1.5	1.333333333	1.666666667	2.488095238	1	1	3	7	3
s028	self	Prac	1	-1	n1	1	NA	NA	NA	NA	1380	NA				1380	3.375	3	4.25	3.5	2.666666667	4.666666667	3.576388889	5.285714286	3.166666667	4.6	4	4.263095238
s028	self	Prac	2	0	n1	1	0	0	0	1	1384	1380				1380	3.375	3	4.25	3.5	2.666666667	4.666666667	3.576388889	5.285714286	3.166666667	4.6	4	4.263095238
s028	self	Prac	3	1	n2	2	1	1	1	1	1612	1384				1380	3.375	3	4.25	3.5	2.666666667	4.666666667	3.576388889	5.285714286	3.166666667	4.6	4	4.263095238
s028	self	Prac	4	2	n2	2	0	0	0	2	1403	1612				1380	3.375	3	4.25	3.5	2.666666667	4.666666667	3.576388889	5.285714286	3.166666667	4.6	4	4.263095238
s028	self	Prac	5	3	n2	2	0	0	0	2	1607	1403				1380	3.375	3	4.25	3.5	2.666666667	4.666666667	3.576388889	5.285714286	3.166666667	4.6	4	4.263095238
s028	self	Prac	6	4	n3	3	1	1	1	2	1428	1607				1380	3.375	3	4.25	3.5	2.666666667	4.666666667	3.576388889	5.285714286	3.166666667	4.6	4	4.263095238
s028	self	Prac	7	5	p1	4	1	1	1	3	1393	1428				1380	3.375	3	4.25	3.5	2.666666667	4.666666667	3.576388889	5.285714286	3.166666667	4.6	4	4.263095238
s028	self	Prac	8	6	p1	4	0	0	0	4	1317	1393				1380	3.375	3	4.25	3.5	2.666666667	4.666666667	3.576388889	5.285714286	3.166666667	4.6	4	4.263095238
s028	self	Prac	9	7	p1	4	0	0	0	4	916	1317				1380	3.375	3	4.25	3.5	2.666666667	4.666666667	3.576388889	5.285714286	3.166666667	4.6	4	4.263095238
s028	self	Prac	10	8	p1	4	0	0	0	4	1130	916				1380	3.375	3	4.25	3.5	2.666666667	4.666666667	3.576388889	5.285714286	3.166666667	4.6	4	4.263095238
s028	self	Prac	11	9	p1	4	0	0	0	4	1214	1130				1380	3.375	3	4.25	3.5	2.666666667	4.666666667	3.576388889	5.285714286	3.166666667	4.6	4	4.263095238
s028	self	Prac	12	10	p2	5	1	1	1	4	1234	1214				1380	3.375	3	4.25	3.5	2.666666667	4.666666667	3.576388889	5.285714286	3.166666667	4.6	4	4.263095238
s028	self	Prac	13	11	p2	5	0	0	0	5	1313	1234				1380	3.375	3	4.25	3.5	2.666666667	4.666666667	3.576388889	5.285714286	3.166666667	4.6	4	4.263095238
s028	self	Prac	14	12	p3	6	1	1	1	5	1327	1313				1380	3.375	3	4.25	3.5	2.666666667	4.666666667	3.576388889	5.285714286	3.166666667	4.6	4	4.263095238
s028	self	Prac	15	13	e1	7	1	1	1	6	392	1327				1380	3.375	3	4.25	3.5	2.666666667	4.666666667	3.576388889	5.285714286	3.166666667	4.6	4	4.263095238
s028	self	Prac	16	14	e1	7	0	0	0	7	378	392				1380	3.375	3	4.25	3.5	2.666666667	4.666666667	3.576388889	5.285714286	3.166666667	4.6	4	4.263095238
s028	self	Prac	17	15	e1	7	0	0	0	7	299	378				1380	3.375	3	4.25	3.5	2.666666667	4.666666667	3.576388889	5.285714286	3.166666667	4.6	4	4.263095238
s028	self	Prac	18	16	e1	7	0	0	0	7	290	299				1380	3.375	3	4.25	3.5	2.666666667	4.666666667	3.576388889	5.285714286	3.166666667	4.6	4	4.263095238
s028	self	Prac	19	17	e1	7	0	0	0	7	584	290				1380	3.375	3	4.25	3.5	2.666666667	4.666666667	3.576388889	5.285714286	3.166666667	4.6	4	4.263095238
s028	self	Prac	20	18	e1	7	0	0	0	7	181	584				1380	3.375	3	4.25	3.5	2.666666667	4.666666667	3.576388889	5.285714286	3.166666667	4.6	4	4.263095238
s028	self	PostTest	1	0	N2	2	NA	NA	0	7	1721	NA				1380	3.375	3	4.25	3.5	2.666666667	4.666666667	3.576388889	5.285714286	3.166666667	4.6	4	4.263095238
s028	self	PostTest	2	1	P2	5	NA	NA	1	2	1319	NA				1380	3.375	3	4.25	3.5	2.666666667	4.666666667	3.576388889	5.285714286	3.166666667	4.6	4	4.263095238
s028	self	PostTest	3	2	E2	8	NA	NA	1	5	-82	NA				1380	3.375	3	4.25	3.5	2.666666667	4.666666667	3.576388889	5.285714286	3.166666667	4.6	4	4.263095238
s029	self	Prac	1	-1	n1	1	NA	NA	NA	NA	1373	NA				1373	4.125	4.857142857	4.25	3.75	3.666666667	4.666666667	4.219246032	5	4	5.6	5.4	5
s029	self	Prac	2	0	n2	2	1	1	1	1	1007	1373				1373	4.125	4.857142857	4.25	3.75	3.666666667	4.666666667	4.219246032	5	4	5.6	5.4	5
s029	self	Prac	3	1	n2	2	0	0	0	2	1292	1007				1373	4.125	4.857142857	4.25	3.75	3.666666667	4.666666667	4.219246032	5	4	5.6	5.4	5
s029	self	Prac	4	2	n3	3	1	1	1	2	1300	1292				1373	4.125	4.857142857	4.25	3.75	3.666666667	4.666666667	4.219246032	5	4	5.6	5.4	5
s029	self	Prac	5	3	n3	3	0	0	0	3	1197	1300				1373	4.125	4.857142857	4.25	3.75	3.666666667	4.666666667	4.219246032	5	4	5.6	5.4	5
s029	self	Prac	6	4	p1	4	1	1	1	3	946	1197				1373	4.125	4.857142857	4.25	3.75	3.666666667	4.666666667	4.219246032	5	4	5.6	5.4	5
s029	self	Prac	7	5	p1	4	0	0	0	4	772	946				1373	4.125	4.857142857	4.25	3.75	3.666666667	4.666666667	4.219246032	5	4	5.6	5.4	5
s029	self	Prac	8	6	p1	4	0	0	0	4	768	772				1373	4.125	4.857142857	4.25	3.75	3.666666667	4.666666667	4.219246032	5	4	5.6	5.4	5
s029	self	Prac	9	7	p2	5	1	1	1	4	796	768				1373	4.125	4.857142857	4.25	3.75	3.666666667	4.666666667	4.219246032	5	4	5.6	5.4	5
s029	self	Prac	10	8	p2	5	0	0	0	5	1180	796				1373	4.125	4.857142857	4.25	3.75	3.666666667	4.666666667	4.219246032	5	4	5.6	5.4	5
s029	self	Prac	11	9	p3	6	1	1	1	5	529	1180				1373	4.125	4.857142857	4.25	3.75	3.666666667	4.666666667	4.219246032	5	4	5.6	5.4	5
s029	self	Prac	12	10	p3	6	0	0	0	6	805	529				1373	4.125	4.857142857	4.25	3.75	3.666666667	4.666666667	4.219246032	5	4	5.6	5.4	5
s029	self	Prac	13	11	p3	6	0	0	0	6	1218	805				1373	4.125	4.857142857	4.25	3.75	3.666666667	4.666666667	4.219246032	5	4	5.6	5.4	5
s029	self	Prac	14	12	e1	7	1	1	1	6	4	1218				1373	4.125	4.857142857	4.25	3.75	3.666666667	4.666666667	4.219246032	5	4	5.6	5.4	5
s029	self	Prac	15	13	e1	7	0	0	0	7	110	4				1373	4.125	4.857142857	4.25	3.75	3.666666667	4.666666667	4.219246032	5	4	5.6	5.4	5
s029	self	Prac	16	14	e1	7	0	0	0	7	221	110				1373	4.125	4.857142857	4.25	3.75	3.666666667	4.666666667	4.219246032	5	4	5.6	5.4	5
s029	self	Prac	17	15	e1	7	0	0	0	7	-179	221				1373	4.125	4.857142857	4.25	3.75	3.666666667	4.666666667	4.219246032	5	4	5.6	5.4	5
s029	self	Prac	18	16	e1	7	0	0	0	7	96	-179				1373	4.125	4.857142857	4.25	3.75	3.666666667	4.666666667	4.219246032	5	4	5.6	5.4	5
s029	self	Prac	19	17	e3	9	2	1	1	7	-191	96				1373	4.125	4.857142857	4.25	3.75	3.666666667	4.666666667	4.219246032	5	4	5.6	5.4	5
s029	self	Prac	20	18	n1	1	-8	1	0	9	1661	-191				1373	4.125	4.857142857	4.25	3.75	3.666666667	4.666666667	4.219246032	5	4	5.6	5.4	5
s029	self	PostTest	1	0	N2	2	NA	NA	1	1	1583	NA				1373	4.125	4.857142857	4.25	3.75	3.666666667	4.666666667	4.219246032	5	4	5.6	5.4	5
s029	self	PostTest	2	1	P2	5	NA	NA	1	2	1019	NA				1373	4.125	4.857142857	4.25	3.75	3.666666667	4.666666667	4.219246032	5	4	5.6	5.4	5
s029	self	PostTest	3	2	E2	8	NA	NA	1	5	-173	NA				1373	4.125	4.857142857	4.25	3.75	3.666666667	4.666666667	4.219246032	5	4	5.6	5.4	5
s030	self	Prac	1	-1	n1	1	NA	NA	NA	NA	1458	NA				1458	5.5	4.428571429	5.25	6	5.666666667	5.333333333	5.363095238	5.142857143	5.833333333	5	3.6	4.894047619
s030	self	Prac	2	0	n3	3	2	1	1	1	1122	1458				1458	5.5	4.428571429	5.25	6	5.666666667	5.333333333	5.363095238	5.142857143	5.833333333	5	3.6	4.894047619
s030	self	Prac	3	1	p1	4	1	1	1	3	989	1122				1458	5.5	4.428571429	5.25	6	5.666666667	5.333333333	5.363095238	5.142857143	5.833333333	5	3.6	4.894047619
s030	self	Prac	4	2	p2	5	1	1	1	4	1311	989				1458	5.5	4.428571429	5.25	6	5.666666667	5.333333333	5.363095238	5.142857143	5.833333333	5	3.6	4.894047619
s030	self	Prac	5	3	p3	6	1	1	1	5	621	1311				1458	5.5	4.428571429	5.25	6	5.666666667	5.333333333	5.363095238	5.142857143	5.833333333	5	3.6	4.894047619
s030	self	Prac	6	4	p3	6	0	0	0	6	916	621				1458	5.5	4.428571429	5.25	6	5.666666667	5.333333333	5.363095238	5.142857143	5.833333333	5	3.6	4.894047619
s030	self	Prac	7	5	p3	6	0	0	0	6	1022	916				1458	5.5	4.428571429	5.25	6	5.666666667	5.333333333	5.363095238	5.142857143	5.833333333	5	3.6	4.894047619
s030	self	Prac	8	6	e1	7	1	1	1	6	-104	1022				1458	5.5	4.428571429	5.25	6	5.666666667	5.333333333	5.363095238	5.142857143	5.833333333	5	3.6	4.894047619
s030	self	Prac	9	7	e1	7	0	0	0	7	-12	-104				1458	5.5	4.428571429	5.25	6	5.666666667	5.333333333	5.363095238	5.142857143	5.833333333	5	3.6	4.894047619
s030	self	Prac	10	8	e1	7	0	0	0	7	109	-12				1458	5.5	4.428571429	5.25	6	5.666666667	5.333333333	5.363095238	5.142857143	5.833333333	5	3.6	4.894047619
s030	self	Prac	11	9	p3	6	-1	1	0	7	1012	109				1458	5.5	4.428571429	5.25	6	5.666666667	5.333333333	5.363095238	5.142857143	5.833333333	5	3.6	4.894047619
s030	self	Prac	12	10	e1	7	1	1	1	6	184	1012				1458	5.5	4.428571429	5.25	6	5.666666667	5.333333333	5.363095238	5.142857143	5.833333333	5	3.6	4.894047619
s030	self	Prac	13	11	e1	7	0	0	0	7	145	184				1458	5.5	4.428571429	5.25	6	5.666666667	5.333333333	5.363095238	5.142857143	5.833333333	5	3.6	4.894047619
s030	self	Prac	14	12	e1	7	0	0	0	7	64	145				1458	5.5	4.428571429	5.25	6	5.666666667	5.333333333	5.363095238	5.142857143	5.833333333	5	3.6	4.894047619
s030	self	Prac	15	13	p3	6	-1	1	0	7	1331	64				1458	5.5	4.428571429	5.25	6	5.666666667	5.333333333	5.363095238	5.142857143	5.833333333	5	3.6	4.894047619
s030	self	Prac	16	14	e1	7	1	1	1	6	47	1331				1458	5.5	4.428571429	5.25	6	5.666666667	5.333333333	5.363095238	5.142857143	5.833333333	5	3.6	4.894047619
s030	self	Prac	17	15	e2	8	1	1	1	7	416	47				1458	5.5	4.428571429	5.25	6	5.666666667	5.333333333	5.363095238	5.142857143	5.833333333	5	3.6	4.894047619
s030	self	Prac	18	16	e3	9	1	1	1	8	55	416				1458	5.5	4.428571429	5.25	6	5.666666667	5.333333333	5.363095238	5.142857143	5.833333333	5	3.6	4.894047619
s030	self	Prac	19	17	p2	5	-4	1	0	9	1393	55				1458	5.5	4.428571429	5.25	6	5.666666667	5.333333333	5.363095238	5.142857143	5.833333333	5	3.6	4.894047619
s030	self	Prac	20	18	e2	8	3	1	1	5	118	1393				1458	5.5	4.428571429	5.25	6	5.666666667	5.333333333	5.363095238	5.142857143	5.833333333	5	3.6	4.894047619
s030	self	PostTest	1	0	N2	2	NA	NA	0	8	1519	NA				1458	5.5	4.428571429	5.25	6	5.666666667	5.333333333	5.363095238	5.142857143	5.833333333	5	3.6	4.894047619
s030	self	PostTest	2	1	P2	5	NA	NA	1	2	1223	NA				1458	5.5	4.428571429	5.25	6	5.666666667	5.333333333	5.363095238	5.142857143	5.833333333	5	3.6	4.894047619
s030	self	PostTest	3	2	E2	8	NA	NA	1	5	417	NA				1458	5.5	4.428571429	5.25	6	5.666666667	5.333333333	5.363095238	5.142857143	5.833333333	5	3.6	4.894047619
s031	self	Prac	1	-1	n1	1	NA	NA	NA	NA	1139	NA				1139	5.625	3.714285714	4.25	5.75	6.333333333	6	5.278769841	6.714285714	6.333333333	6.4	3.8	5.811904762
s031	self	Prac	2	0	e3	9	8	1	1	1	-165	1139				1139	5.625	3.714285714	4.25	5.75	6.333333333	6	5.278769841	6.714285714	6.333333333	6.4	3.8	5.811904762
s031	self	Prac	3	1	p1	4	-5	1	0	9	777	-165				1139	5.625	3.714285714	4.25	5.75	6.333333333	6	5.278769841	6.714285714	6.333333333	6.4	3.8	5.811904762
s031	self	Prac	4	2	p3	6	2	1	1	4	926	777				1139	5.625	3.714285714	4.25	5.75	6.333333333	6	5.278769841	6.714285714	6.333333333	6.4	3.8	5.811904762
s031	self	Prac	5	3	p3	6	0	0	0	6	1013	926				1139	5.625	3.714285714	4.25	5.75	6.333333333	6	5.278769841	6.714285714	6.333333333	6.4	3.8	5.811904762
s031	self	Prac	6	4	e1	7	1	1	1	6	96	1013				1139	5.625	3.714285714	4.25	5.75	6.333333333	6	5.278769841	6.714285714	6.333333333	6.4	3.8	5.811904762
s031	self	Prac	7	5	e1	7	0	0	0	7	476	96				1139	5.625	3.714285714	4.25	5.75	6.333333333	6	5.278769841	6.714285714	6.333333333	6.4	3.8	5.811904762
s031	self	Prac	8	6	e2	8	1	1	1	7	154	476				1139	5.625	3.714285714	4.25	5.75	6.333333333	6	5.278769841	6.714285714	6.333333333	6.4	3.8	5.811904762
s031	self	Prac	9	7	e2	8	0	0	0	8	569	154				1139	5.625	3.714285714	4.25	5.75	6.333333333	6	5.278769841	6.714285714	6.333333333	6.4	3.8	5.811904762
s031	self	Prac	10	8	e3	9	1	1	1	8	-10	569				1139	5.625	3.714285714	4.25	5.75	6.333333333	6	5.278769841	6.714285714	6.333333333	6.4	3.8	5.811904762
s031	self	Prac	11	9	e3	9	0	0	0	9	-5	-10				1139	5.625	3.714285714	4.25	5.75	6.333333333	6	5.278769841	6.714285714	6.333333333	6.4	3.8	5.811904762
s031	self	Prac	12	10	e3	9	0	0	0	9	-71	-5				1139	5.625	3.714285714	4.25	5.75	6.333333333	6	5.278769841	6.714285714	6.333333333	6.4	3.8	5.811904762
s031	self	Prac	13	11	e2	8	-1	1	0	9	218	-71				1139	5.625	3.714285714	4.25	5.75	6.333333333	6	5.278769841	6.714285714	6.333333333	6.4	3.8	5.811904762
s031	self	Prac	14	12	e2	8	0	0	0	8	233	218				1139	5.625	3.714285714	4.25	5.75	6.333333333	6	5.278769841	6.714285714	6.333333333	6.4	3.8	5.811904762
s031	self	Prac	15	13	e3	9	1	1	1	8	-90	233				1139	5.625	3.714285714	4.25	5.75	6.333333333	6	5.278769841	6.714285714	6.333333333	6.4	3.8	5.811904762
s031	self	Prac	16	14	e3	9	0	0	0	9	371	-90				1139	5.625	3.714285714	4.25	5.75	6.333333333	6	5.278769841	6.714285714	6.333333333	6.4	3.8	5.811904762
s031	self	Prac	17	15	e1	7	-2	1	0	9	463	371				1139	5.625	3.714285714	4.25	5.75	6.333333333	6	5.278769841	6.714285714	6.333333333	6.4	3.8	5.811904762
s031	self	Prac	18	16	e1	7	0	0	0	7	436	463				1139	5.625	3.714285714	4.25	5.75	6.333333333	6	5.278769841	6.714285714	6.333333333	6.4	3.8	5.811904762
s031	self	Prac	19	17	e3	9	2	1	1	7	171	436				1139	5.625	3.714285714	4.25	5.75	6.333333333	6	5.278769841	6.714285714	6.333333333	6.4	3.8	5.811904762
s031	self	Prac	20	18	e3	9	0	0	0	9	100	171				1139	5.625	3.714285714	4.25	5.75	6.333333333	6	5.278769841	6.714285714	6.333333333	6.4	3.8	5.811904762
s031	self	PostTest	1	0	N2	2	NA	NA	0	9	1802	NA				1139	5.625	3.714285714	4.25	5.75	6.333333333	6	5.278769841	6.714285714	6.333333333	6.4	3.8	5.811904762
s031	self	PostTest	2	1	P2	5	NA	NA	1	2	918	NA				1139	5.625	3.714285714	4.25	5.75	6.333333333	6	5.278769841	6.714285714	6.333333333	6.4	3.8	5.811904762
s031	self	PostTest	3	2	E2	8	NA	NA	1	5	310	NA				1139	5.625	3.714285714	4.25	5.75	6.333333333	6	5.278769841	6.714285714	6.333333333	6.4	3.8	5.811904762
